      0.1677787       0.0114463      -0.0861973
      0.1039485       0.1506641       0.0469649
      0.0116252       0.0192206       0.1876329
      0.0996457      -0.1155408       0.1114975
     -0.0137572       0.0191563       0.1874950
      0.0109208       0.1757513       0.0685771
     -0.1835513      -0.0393883       0.0216355
     -0.1626961       0.0825418       0.0492694
      0.0966955      -0.0035061      -0.1623218
      0.1566091       0.0227771       0.1032736
      0.1341297       0.0384986       0.1274273
      0.0810767      -0.1218360       0.1195543
     -0.1591458       0.1013101      -0.0109331
     -0.1015241       0.1500435      -0.0537630
     -0.1046609      -0.1571170       0.0084258
      0.0115716       0.0030455       0.1885935
      0.0328391      -0.1509263       0.1088739
      0.1140933      -0.0440200      -0.1440681
     -0.1743161      -0.0678534      -0.0268407
     -0.0645135       0.0004961       0.1776187
      0.1051028       0.0485851       0.1493436
     -0.0632236      -0.1123190       0.1381950
     -0.1194602      -0.1226555       0.0799721
      0.0982290       0.1570919      -0.0372001
      0.1597948       0.0163417      -0.0995450
      0.1212623      -0.0146130      -0.1441963
      0.0271154      -0.1581166       0.0998725
      0.1316372       0.0354598      -0.1308621
     -0.1561765      -0.0939663      -0.0498988
     -0.1165419      -0.1463731      -0.0265244
     -0.0429520      -0.1747400       0.0577211
     -0.1149668      -0.0150613      -0.1492193
      0.0139815       0.1044762      -0.1568435
     -0.1363007       0.0135924       0.1301846
     -0.0719740       0.0315127      -0.1718643
      0.0095425       0.0802853      -0.1708037
     -0.0005107       0.1531209       0.1107448
      0.0463060       0.1007912       0.1529952
     -0.0317559      -0.1322858      -0.1311590
      0.0351330      -0.0981851      -0.1575946
     -0.1646520      -0.0777891      -0.0504895
      0.0172851      -0.1840037      -0.0394269
      0.0020625      -0.0990458      -0.1609234
      0.1815260      -0.0502325       0.0153511
     -0.0009530      -0.1727851       0.0765185
      0.0899160      -0.1488179      -0.0740203
      0.0865338      -0.0115632       0.1675973
      0.1337096      -0.0961083      -0.0927125
     -0.1024326       0.0367960       0.1544806
      0.1627135       0.0917020      -0.0287356
     -0.0881822      -0.0776238       0.1480173
      0.0447709       0.0649040      -0.1717374
     -0.1330074       0.0605240       0.1198187
      0.0628049      -0.0819374      -0.1582797
      0.0321797      -0.0787471       0.1687424
      0.1441466       0.0856048      -0.0872022
      0.1012139      -0.1307027      -0.0915599
     -0.0253298      -0.1837282      -0.0362354
      0.0525676      -0.0230411       0.1800456
      0.1100527      -0.1482061       0.0404227
      0.0786741      -0.1232593       0.1197004
     -0.0347620       0.1807365       0.0428552
     -0.1798026      -0.0297449       0.0499691
     -0.1361748      -0.0455983      -0.1228326
     -0.6328170       0.1662535      -0.2685992
      0.2743275      -0.1967144      -0.0371886
      0.5651506       0.1877292       0.4915270
      0.0328967      -0.4402497       0.0807593
      0.1815975       0.2758362      -0.0824736
      0.5875852       0.6148939       0.0709971
     -0.6160507      -0.0303561      -0.2540133
      0.1490470      -0.3297198       0.2058968
     -0.3254873       0.1081615      -0.7204168
      0.0311166      -1.1503192       0.4135768
      0.3317936      -0.0257959       0.8038019
     -0.2835241       0.2600202      -0.3616339
     -0.0082115      -0.5904169       0.3414044
      0.8015021       0.0319652      -0.1111458
     -0.3919327      -0.2224503      -0.9847157
     -0.2386680      -0.2756077       1.2904694
     -0.1719368      -0.2965096      -1.2750133
     -0.2140214      -0.7811240       0.7979660
     -0.2715100       0.7392960      -0.3957488
      0.0467812      -0.9702968       0.5767916
      0.0151325      -0.1699070       0.4401517
      0.2831791      -0.0608593      -0.2341871
      0.5291823      -0.5964855       0.9179065
      0.1282449       0.3985342      -0.5846853
     -0.8358879      -0.1858896      -0.5382542
     -0.2196059       0.3008644      -0.2998218
     -0.1441232       0.5946258      -0.0230148
      0.3900571      -0.5643085      -0.4436009
      0.2876921       0.0549065      -0.0994501
     -0.1071039       0.1511888       0.0554769
      1.0994060      -0.2069803      -0.3094114
     -0.0093954       0.2289763      -0.2262997
      0.0217240       0.9286056       0.4342357
     -0.0390666       0.2537516      -0.8273015
     -0.6906677       0.9155446       0.7294303
      0.4728166      -0.7552139      -0.1528109
      0.0962141      -0.2451335       0.1216448
     -0.1251162       0.3167264       0.4607434
      0.6019001       0.2785947      -0.1710985
     -0.2668596       0.3996138       0.3869748
     -0.0014682       0.4757915       0.5959364
      0.0090244      -0.2194399      -0.8108112
      0.0693383       0.4292098       0.5379051
     -0.3340721      -0.3965126       0.2637110
      0.2382557       0.0639136       0.1496980
      0.1274639       0.4711403       0.8015238
      0.2828205      -0.1052979       0.2756318
     -0.0455453       1.3804355       0.0320289
     -0.2371630       0.7155396       0.7003991
     -0.3561458      -0.7424662      -1.2425133
     -0.2112231      -0.7795705      -0.0139490
      0.3516793       0.3215849       0.2388787
      0.1204609      -0.4827115      -0.5981608
      0.0302897      -0.2687254       0.5371348
     -0.4585377       0.7620400       0.2771555
      0.3135605      -0.6944892      -0.4156243
      0.4954396       0.3879789       0.2437054
     -0.9902788      -0.2563335      -0.8581451
      0.2898914      -0.2999706      -0.4983888
      0.4527272      -0.0109105       0.3099958
      0.3723174      -0.7144110      -0.0877302
     -0.5062417       0.3897304       0.1590484
     -0.7819049       0.4888726       0.0339306
      0.4397351      -0.8687618      -0.3417470
      0.1252871      -0.0815266       0.0093751
      0.0666266       0.2827636       0.1377410
      0.0714826      -0.0538487      -0.2000457
     -0.1853435       0.1570913       0.2165688
      0.4319299      -0.0562946       0.0071671
     -0.0900559      -0.2831064      -0.4008583
      0.1527645      -0.1000066       0.4538158
      0.1303549      -0.0656335      -0.3454608
      0.1199911       0.0187258       0.0386644
      0.0739500       0.3656899      -0.0134055
     -0.0840402      -0.1360102      -0.0634504
     -0.0556830       0.0705246       0.0636983
     -0.0502600       0.2976989       0.2600986
     -0.0714211      -0.1902234      -0.3759496
     -0.1777623       0.2994740       0.2183483
      0.0688335       0.0892913      -0.4056993
      0.2780425       0.0251494       0.1688122
      0.0653100       0.4844266      -0.2208802
      0.0246547       0.4269143      -0.0469821
      0.0497639      -0.1952544       0.0783779
     -0.0531309       0.0829940      -0.1353344
     -0.4051493      -0.0418510      -0.1683681
     -0.1712394      -0.0460304      -0.0690763
     -0.1474746       0.2218990       0.2055217
      0.3443628      -0.0382839       0.0509122
      0.3374389       0.0299060       0.3479996
     -0.2381552       0.1109360       0.0274663
     -0.0052202       0.0342433      -0.2676388
      0.0224823       0.0538709       0.2262802
     -0.3149513      -0.3102637      -0.1737670
      0.0187794      -0.3026149       0.1167543
     -0.0805590       0.2449316       0.2231611
     -0.2438101      -0.2599175      -0.0722548
      0.1600647      -0.0869596       0.0258008
      0.0243273      -0.1002688      -0.3741451
      0.3144720       0.0614914       0.1019734
      0.0916768       0.0899092      -0.0557383
      0.0933845      -0.3258669      -0.0207811
     -0.0012963      -0.0121690       0.1503338
     -0.2545963      -0.4007671      -0.1312118
     -0.0544907      -0.6065075      -0.2168741
      0.2783197       0.1372042       0.2051338
     -0.1719500      -0.0888038      -0.4403612
      0.2737171       0.1260141       0.0741926
     -0.0654246       0.0228120      -0.3119696
      0.0234145      -0.2782950       0.1439738
     -0.1925277       0.1168052       0.0823582
      0.1817674      -0.3379825      -0.2227135
     -0.0655955      -0.0291013       0.3571041
      0.2221691       0.0066624       0.1498516
      0.1606639      -0.2126681       0.0093077
     -0.1262972       0.0615466      -0.1112750
     -0.1831637       0.4303174      -0.0466015
      0.0665095       0.3776331       0.3673289
     -0.0177224      -0.1763848      -0.0871640
     -0.0417479      -0.0553861       0.0171955
     -0.0881832      -0.0237102      -0.1275493
      0.4036427      -0.0543567       0.3707960
     -0.0372389      -0.2448379      -0.0583357
     -0.4202264       0.1696485      -0.2955016
     -0.1466808      -0.0257922       0.0991430
      0.3729345       0.1384553       0.1148070
     -0.0249676      -0.0056977      -0.0362738
      0.0991113       0.2511054       0.0710220
      0.2145944       0.2176204       0.3927355
     -0.5364940       0.1497569       0.1513953
     -0.1105958       0.0735237      -0.2757168
      0.7322037      -0.0992777       0.3557400
     -0.2130017      -0.0989805      -0.5447926
     -0.0983169       0.3410368      -0.0800423
      0.7641140      -0.2031568      -0.0701284
     -0.4392079       0.4673953       0.3885081
      0.1211265       0.2912555       0.8454054
      0.1493773       0.5332644      -0.3673071
     -0.4769838       0.6112117      -0.6643400
      0.2598665      -0.1665079       0.3726518
      0.0150007       0.1632399      -0.3574628
     -0.2171806       0.3931507       0.7607517
      0.0781706      -0.2681660       0.5233529
     -0.3647653       0.2340827      -0.3939545
     -0.3143233       0.4929525       0.7518610
     -0.0103115      -0.2282047      -0.7901996
      0.3418781      -0.7965670       0.3052200
     -0.5419238       0.8179631      -0.5160817
     -0.0407177      -0.0899895      -0.8953188
     -0.1101348       0.2152224       1.0668875
      0.0595264       0.6766150      -0.2619500
     -0.1375037      -0.6445199       0.3879536
      0.3802337       0.0219934       0.4619102
     -0.1145329      -0.4047097      -0.2640173
      0.3693109      -0.7049837      -0.2060184
     -0.2750110       0.8001627       0.2253023
     -0.3350569      -0.6563382      -0.2366075
      0.1639180       0.4344522       0.4523552
     -0.5899325       0.8499841       0.1031892
      0.1694246      -0.5524674      -0.1776429
      0.1942618      -0.2984545       0.0726848
      0.2995663      -0.3564841       0.2212545
      0.3682215      -0.4331799       0.0670970
     -0.1049686       0.1576564      -0.2175972
     -0.0767753       0.0439339      -0.3796238
     -0.0772265      -0.3897734      -0.2632607
     -0.4589660       0.2653024      -0.1446150
      0.7409738      -0.1645222      -0.0101027
      0.5966973      -0.0518268      -0.8727213
      0.0221534      -0.2127050       0.5832799
      0.0308043      -0.4101777       0.4413689
      0.0206749       0.3646237      -0.5100911
     -0.2954036      -0.3005252       0.2476803
     -0.0756563       0.3338447      -0.6504830
     -0.3692554       0.4579848      -0.3459931
      0.2194617      -0.6318293       0.5019633
      0.1073839      -0.5234563      -0.6481318
     -0.0985540       0.6590745       0.9856354
      0.0593986       0.4361043      -0.0761527
      0.1551208      -0.8465133       0.1005042
     -0.0726289       0.1158095       0.8209725
     -0.1712437       0.0068401      -0.9640728
      0.3678887      -0.9279464       0.0541911
     -0.2162911       0.6017080       0.0338546
     -0.0661017      -0.7346501      -0.3919514
      0.4973758       0.3982481       0.6159745
     -0.4134478       0.4687828      -0.0845797
      0.0222721      -0.2815203      -0.1005640
      0.0466645       0.6592890       0.2329954
     -0.1159913      -0.2538642      -0.7593324
      0.4694556      -0.5054927      -0.3756930
     -0.3045248       0.6417005       0.2758136
     -0.3601634       0.2715320      -0.2557051
      0.0898412      -0.1744211      -0.3308669
      0.0234328       0.3090242      -0.0305837
      0.0471923      -0.2783077      -0.1851313
     -0.0780860      -0.0705146       0.1105697
      0.3240135       0.1061868      -0.1702488
     -0.2567507      -0.0475095      -0.2558914
     -0.3551100      -0.3096230       0.0387131
     -0.1830053      -0.0763476       0.0688672
     -0.2131083      -0.7436561       0.1573497
      0.1747291      -0.3258603       0.2128102
      0.1429333      -0.1282026       0.0951432
     -0.0712525       0.0303641       0.0386239
      0.1419865      -0.0171684       0.2034433
      0.2737022      -0.1136136      -0.3283773
     -0.0523610      -0.1808029       0.0169827
     -0.1059627      -0.2145603      -0.4029806
      0.2003056      -0.6740275       0.1441608
     -0.3309916      -0.0894599       0.3689360
     -0.0738545      -0.3783752       0.3397650
     -0.1221146      -0.0232348       0.1401785
      0.0006878       0.1049686       0.1623655
     -0.0044359      -0.1266343       0.2866499
      0.2037842       0.1676456      -0.1790103
     -0.3086221      -0.0888241      -0.3907679
     -0.2057409       0.1399847       0.1156275
      0.1137539       0.2989280       0.0099281
     -0.0045776       0.0341276       0.0748847
      0.0637296      -0.0050164      -0.0444623
      0.1736056       0.0332981      -0.0964925
      0.0856110       0.1840573      -0.0431841
      0.2508390      -0.0763967      -0.1128899
      0.1488465       0.3281552       0.1436852
      0.0314391      -0.0722809      -0.2673155
      0.0423110       0.2954730       0.1875729
      0.1490718      -0.1977488      -0.1305969
      0.1768861       0.0881185      -0.0300744
     -0.0863491       0.1758766       0.2883197
      0.1809726       0.1981890       0.1649425
      0.0672186       0.3083191       0.1428232
      0.0596669       0.4627533       0.2568049
     -0.0282810       0.0628546      -0.6617090
      0.1372724       0.1054997       0.4257770
     -0.0730702      -0.0748436       0.0552080
      0.1821131      -0.2478335       0.1629709
      0.1972635       0.2498383       0.3677330
      0.0488127      -0.0147574      -0.0140401
     -0.3995848       0.6994009      -0.2357026
     -0.1761691       0.3165181       0.0588660
     -0.0079052      -0.2739555      -0.3146483
     -0.1538298      -0.0747060      -0.3868488
     -0.0530393       0.2034914      -0.1647806
      0.1473458      -0.2266526       0.1074700
      0.1624124      -0.2015326       0.1704401
     -0.3736176       0.5422971      -0.0829440
      0.1258937      -0.1704910      -0.2295860
      0.1201281       0.1562642       0.1855609
     -0.5380311      -0.0734389      -0.2251466
     -0.2086003      -0.0094971       0.0833874
      0.0373755       0.0656002       0.1754789
      0.2854872      -0.0082709      -0.0690272
     -0.3297003      -0.1130826       0.0032485
     -0.2869735       0.1781826      -0.0514264
      0.3669905      -0.2085054      -0.2492416
      0.4135063      -0.3518948       0.1249249
      0.1689379       0.1609170       0.4187539
      0.6599503      -0.3833271      -0.3090882
     -1.1785637       0.1859229      -0.1702375
      0.2714196       0.2070306       0.2508938
     -0.5857344      -0.4790531      -0.5750783
     -0.3606435       0.1191046       0.4252322
      0.8195189      -0.2633223      -0.3820547
      0.5950424      -0.0256663      -0.4515715
     -0.2025109       0.6624650       0.1715397
     -0.0931310      -0.1732995       0.0876086
     -0.6098238       0.5024835      -0.6246236
      0.0041152      -0.0074531       0.5552882
     -0.2575369      -0.3717290      -0.7496718
     -0.5789850       0.5906439      -0.2010548
      0.8236333      -0.3978970      -0.0651339
      0.0009433      -0.2255600      -0.4122928
     -0.1335564       0.9297439       0.5426553
      0.3042635       1.0355277      -0.3808580
      0.1475202       0.0287206      -0.3532260
      0.0863624       0.5032442       1.0937282
     -0.0529335      -0.4487702      -1.4008129
      0.3526731      -0.8381162       0.0567237
     -0.2533977       0.4714930      -0.0797603
      0.3868324      -0.5432055       0.0710277
      0.3268211       0.1111357       0.7061169
     -0.5009695       0.6012057       0.4977099
      0.3534895      -0.3677190      -0.0131507
     -0.0231582       0.4566257       0.1969872
     -0.3029140      -0.3780218      -0.8004449
      0.2173453      -0.7488363      -0.3362614
     -0.5070578       0.3555956       0.6576858
     -0.0059627      -0.4658796       0.0185172
      0.0495467      -0.0470489       0.9066502
     -0.2435794      -0.1881629      -0.1299371
      0.6077800       0.3989537       0.1856544
     -0.5581213      -0.2245794      -0.0170096
      0.0472648      -0.2866988      -0.2968527
     -0.0079761      -0.0250831       0.0215665
     -0.4350395       0.1131832       0.1619555
     -0.5304987      -0.6534091       0.1883231
      0.0438573       0.4705215       0.0203501
      0.1029607       0.3907553      -1.2129214
      0.2650888      -0.0039657       0.9608741
     -0.2697422       0.4118949      -0.6129004
     -0.5531839      -0.5180172       0.0474318
      0.0059941      -0.5438972       0.6260659
      0.0002927       0.0071636      -0.5761878
     -0.3079682      -0.3400914       0.5594983
      0.2840274       0.0757893      -0.3927681
      0.1593067      -0.4536083       0.4520750
     -0.4091510       0.9931953      -0.3315391
      0.1524136      -0.0569733      -0.8659334
     -0.2563413       0.4306733       1.1156216
      0.3004408       0.4796719      -0.4767808
      0.1338914      -0.8413364       0.1263919
     -0.0315158       0.4071782       0.2684973
      0.0860775       0.0070771      -0.2347804
      0.1521063      -0.4189073       0.2911651
     -0.8752173       0.5013551      -0.0559720
     -0.2252828      -0.1004339      -0.5960192
      0.6570212       0.4677870      -0.0080875
     -0.2077755       0.2384445       0.2134573
      0.2481298      -0.2033965      -0.1350344
     -0.1595413       0.4038430       0.1571445
     -0.0938151       0.0429918       0.0538588
     -0.0886142       0.1747194       0.2412823
      0.3557963      -0.0071720      -0.0189283
     -0.2505586       0.0832682      -0.4180782
     -0.2325609       0.2357186      -0.2022981
      0.0519353       0.2274775      -0.0021388
     -0.1558266       0.3702285       0.3761064
     -0.0909838       0.2528791       0.5110229
     -0.0366302       0.0230844       0.2247148
      0.0781260       0.3977663       0.2351912
      0.4216735      -0.1591661      -0.1023200
     -0.3390965       0.1093801      -0.2104424
      0.0121667       0.0675601       0.0438041
     -0.0487332      -0.1633489       0.1620938
     -0.1972833      -0.0382157      -0.0043180
      0.0669984      -0.0688163      -0.0014656
     -0.0073458      -0.0346020      -0.2156078
      0.0812552      -0.4936752      -0.0266926
     -0.0458444       0.1533635       0.2858841
     -0.4225472      -0.1251427      -0.2564454
      0.1946576       0.1907433       0.2140726
      0.3067042       0.1247598       0.0011494
     -0.2369604      -0.0741534      -0.1921892
     -0.4593779       0.0506277       0.1873670
      0.0770808      -0.1118494       0.0980885
      0.0652222      -0.0415121      -0.1047685
     -0.0962965       0.0334148       0.1814487
      0.0076934       0.0384965      -0.3151551
      0.0719925       0.1456972       0.1765087
      0.0523008      -0.0418539       0.0184759
     -0.0544633       0.1347493       0.2092129
     -0.0701890      -0.0493384       0.2249430
     -0.0585467      -0.2356742       0.0015399
     -0.2060468      -0.2853247      -0.0234036
      0.0500872       0.2036046      -0.2591138
      0.1799676       0.0960905       0.1008807
     -0.5523234       0.0049187      -0.1963216
      0.2852485      -0.0399689      -0.0190440
      0.0254532      -0.1232133       0.3610669
     -0.0685433      -0.2259912      -0.2146371
      0.4272816      -0.2644355       0.0835453
     -0.3319352      -0.2737615       0.1845473
      0.0664910      -0.0045532      -0.0380458
      0.0219543      -0.3139607       0.1320557
     -0.1590770       0.2318078       0.0319145
     -0.2174949       0.0943451       0.0402107
     -0.1193852      -0.1594441       0.0738557
     -0.1347631      -0.2078628      -0.2302528
      0.0283116       0.0384846       0.3352638
     -0.1331954       0.0864206      -0.2126824
      0.1256928      -0.1052343       0.1451033
      0.0096062      -0.0682511       0.2294720
      0.1104806      -0.2842568      -0.2506981
      0.0391726      -0.0463340       0.0404097
      0.2067052       0.1510563      -0.2958186
      0.0303066      -0.2238035       0.0939312
      0.3461679       0.1868249      -0.2326539
      0.2812390       0.2398065      -0.1127942
      0.0430775      -0.0259420      -0.0834250
     -0.2681992       0.0843167      -0.1094690
     -0.3581547       0.1792003       0.0251192
      0.2037618      -0.3021954      -0.1638907
     -0.0870208       0.1337316      -0.1256889
     -0.6083511       0.1309040      -0.2259901
      0.0905321      -0.5155101      -0.4679446
     -0.2261935       0.0543777       0.0956116
      0.8617816      -0.7114811       0.0044170
     -0.1626437       0.1137204       0.4035398
      1.0331527       0.2720638       0.4448963
      0.0150580      -0.1002223       0.1842494
     -0.6411619      -0.2846242      -0.2974000
     -0.5725983      -0.1521268      -0.1332948
      0.1722006      -0.6398013      -0.7895186
      0.1757388      -0.0352328      -0.6292633
     -0.5857203      -0.5455581       0.3539160
      0.3688823      -0.0773781      -0.1655021
      0.3673369      -0.0562755       1.1409924
      0.1200782      -0.3818379      -0.0614710
     -0.4226733      -0.2684484      -0.1847009
     -0.5282311       0.2465066       0.7307549
      0.0802110      -0.8689309      -0.9910664
     -0.1320185      -0.2403051       0.2903171
     -0.0842828       0.1641450       0.0494054
      0.5985238      -0.3147684      -0.3680134
      0.3900484      -0.0728475       1.4465357
     -0.0388608       0.2955361      -0.3250150
      0.3454292      -0.4813369       0.2110768
      0.3583868       0.0897666      -0.2888431
     -0.6145067      -0.5797171      -0.3066687
      0.3615205      -0.3187041      -0.4460827
     -0.5952852       0.2863533      -0.1728526
      0.3731607      -0.2467556       0.1389718
      0.5774181       0.6497555       0.1524099
     -0.2937846       1.1799919      -0.0388254
      0.6363722      -0.4843917      -0.4684650
     -0.2947131       0.5703698       0.0653391
      0.1945023      -0.2110137      -0.3762438
      0.5818107       0.5712609      -0.0609314
     -0.9899676      -0.2013952       0.3215033
      0.1173862       0.4579438       0.1304958
      0.1911949      -0.1141716       0.7032180
     -0.4605433       0.4766707      -0.2701254
      0.5688547       0.2693515       0.0995117
      0.2218390       0.6359840      -0.0330705
     -0.6030863       0.3482399      -0.0280228
      0.5265868       0.1099403       0.5930133
     -0.8015528       0.4503278      -0.7027987
     -0.2931192       0.1570457       0.4940604
      0.5054004      -0.2670040       0.0152383
     -0.3175545       0.2670277      -0.5191093
      0.0666625       0.6174758       0.0923009
     -0.1122294       0.2604444      -0.7600214
     -0.1277562       0.1006566      -0.2480852
     -0.4435541       1.0126430      -0.1643334
      0.2726080      -0.5647298       0.4811231
      0.0599944       0.4113000       1.0567864
      0.2534790      -0.6931379      -0.3624328
     -0.4334016      -0.1883578      -0.0654967
     -0.2610405       0.6395536      -0.6196320
      0.0655146      -0.4855318      -0.1863584
     -0.6247205       0.2042106      -0.0572636
     -0.5727300       0.4113731       0.4762611
      0.8506523      -0.6493740       0.5398629
      0.7383264       0.0334308       0.7062796
     -0.0936505      -0.4162718      -0.0813969
     -0.1532538      -0.3003054      -0.2724593
     -0.1603014       0.1027103       0.0711625
      0.3961553       0.0820264       0.0437373
     -0.0367181       0.2599947       0.1798427
     -0.2613189       0.1827397      -0.1203428
      0.1117405       0.4047662       0.1329349
      0.1332603      -0.0268849       0.1725445
     -0.5429785      -0.3445485      -0.5907248
      0.1656966       0.0175043       0.1568688
     -0.2446629      -0.2844524      -0.3309238
      0.0229764      -0.0956108       0.3843411
      0.1257826       0.2514954       0.3706511
     -0.1100422      -0.0995738      -0.0065486
      0.2272410       0.5067871       0.2555793
     -0.1559402       0.1273739       0.0977674
     -0.4294550       0.2771433      -0.4071215
      0.3207426       0.4842052       0.2488449
      0.1880170       0.1139729      -0.3144652
     -0.2227632       0.0392004      -0.0858096
      0.3337643       0.2954358       0.0144404
      0.1700121       0.2047768      -0.0316156
     -0.0829784       0.0207135       0.0262606
      0.0060999      -0.1797106      -0.0833487
     -0.2684684       0.0544095      -0.2520247
     -0.1253662      -0.1295535      -0.1342873
      0.1609059       0.1717587       0.1599053
     -0.0258929       0.0772992       0.0121287
      0.0352552       0.1930855       0.1260186
     -0.0798854      -0.1238606       0.1609768
      0.1282207       0.4579668       0.1705013
     -0.3890268      -0.0009596       0.2987889
      0.0847960       0.0140579      -0.0521804
     -0.0551222      -0.1916084       0.0755775
      0.1528873       0.1494204       0.0011153
     -0.1274172       0.0005769      -0.1119878
      0.2011240      -0.1583058       0.1564088
     -0.1289175      -0.1368655      -0.1161507
      0.2442572       0.0806787       0.0303768
     -0.1529383       0.0187342       0.1195089
      0.0827608       0.2099631      -0.1469242
      0.1689233       0.0766108       0.2444646
     -0.4906703      -0.1474337      -0.2259891
     -0.0811749      -0.1422244       0.0436977
      0.1126873      -0.2640588      -0.3133584
     -0.4409777       0.0909676      -0.5305145
      0.4793095      -0.0464739       0.5503471
     -0.1040021      -0.1430635      -0.1788278
     -0.1471019      -0.0066431       0.2455582
      0.3245657       0.1433881       0.1451267
     -0.0159280      -0.4267705      -0.0504459
      0.0726418      -0.1873644       0.2232940
      0.0474302       0.0778750       0.4140443
     -0.0136849      -0.3117059       0.2411670
     -0.1710691       0.2961814      -0.3637891
     -0.2085376      -0.0346854      -0.2625831
     -0.2072880       0.3052818       0.2692921
      0.0019804       0.1301205      -0.1273523
      0.0762544      -0.1984735      -0.0762090
     -0.1360226      -0.0277389      -0.0586698
      0.5293635       0.1524259      -0.0311791
     -0.0275606       0.1049473      -0.0643516
     -0.3691379       0.0535572      -0.1077713
     -0.1558860       0.2151378      -0.2938988
      0.2759237      -0.0848092      -0.1587464
      0.1475800       0.0918717       0.0986849
      0.0756140      -0.1402647       0.1485558
     -0.0596443       0.4610357      -0.0232508
      0.2032852       0.4251410      -0.1054493
      1.1003750       0.2613801       0.1966838
     -0.8095326       0.0529111      -0.2322486
     -0.2092597       0.2527351      -0.5748065
     -0.3004669       0.7698855       0.1614598
     -0.6685476       0.0470051      -0.3549499
      0.6986093       0.5089620       0.8966344
      0.7983698       0.1615111      -0.0903051
     -0.2701373       0.2930031       0.6042671
      0.1323918       0.6847462       0.5167725
     -0.2545390       0.2347812      -0.7251119
     -0.4648189       0.0855113      -0.0918333
      0.3361636       0.7198582      -0.1059194
     -0.7033213      -0.0987898      -0.4195427
      0.4629300      -0.1443904       1.1648803
      0.1655645      -0.4227908      -0.5615578
     -0.1355488      -0.0300245       0.6699571
      0.1452586       0.5115934      -0.6829429
     -0.2094703      -0.2881607       0.1181830
     -0.2544466       0.2232903       0.0477529
      0.4712950      -0.2955310      -0.6112773
      0.1947234      -0.6576593       0.7801737
     -0.3978462       0.5126320      -0.1990781
     -0.5340829      -0.3182935       0.4286485
      0.0394218      -0.0084829       0.3750009
     -0.3315580       0.1403344      -0.0926193
      0.5413488      -0.5632489      -0.7535193
     -0.4034272       0.4057354      -0.0761346
     -0.0871930      -0.4056985      -0.0932471
      0.3432506      -0.5209734      -0.2029782
     -0.4196044       0.1776386       0.7187419
      0.5639617       0.0224443       0.2759467
     -0.3462608      -0.1736298       0.4538273
     -0.4696139      -0.0732830       0.0620691
      0.2024287      -0.2617633       0.2040206
     -0.1358929      -0.4380368      -0.3726646
     -0.1410092      -0.0278340      -0.8684052
      0.3298488      -0.2986219       0.3164982
     -0.2687812       0.3250571       0.2717651
      0.2961306      -0.0677577       0.4859372
      0.1631051      -0.1409486      -0.2417981
      0.0718390      -0.3793123      -0.1079780
      0.4494089      -0.1355158       0.0434160
      0.2055266      -0.6588580      -0.2845430
     -0.7285776       0.0835743       0.2474512
     -0.2694768      -0.0973810       0.2900874
     -0.0041485      -0.0313148      -0.2099309
      0.0557545       0.3168634       0.5886257
      0.5048768      -0.6449357      -0.6057142
      0.3853553      -0.5808224       0.2585632
     -0.3635292       0.2279103       0.2200601
      0.2582177      -1.0091500      -0.6334822
     -0.1715701       0.3746492      -0.0416142
      0.3165598       0.0774818      -0.4152188
     -0.5466898      -0.3240490       0.3126792
      0.0615130       0.5784174      -0.0132689
     -0.3486995      -0.4275503      -0.2028975
      0.9171217      -0.3342116      -0.6731610
     -0.2408394       0.6143717       0.0197708
     -0.8043915      -0.3149961      -0.3229681
     -0.0051730       0.5071768      -0.3198019
     -0.2094200       0.6501202      -0.0999836
      0.7837158      -0.5193614      -0.4362766
     -0.5196634      -0.3213141      -0.0568876
      0.1386242      -0.2190480      -0.0542094
     -0.2856507       0.0035934      -0.0784560
      0.4251929      -0.4569195      -0.0087522
     -0.1228901       0.1335368       0.1364881
      0.3563420      -0.6509789       0.1289054
      0.3067293       0.1058596       0.0081780
     -0.4048486      -0.4416896      -0.0170022
     -0.4857264      -0.3240322      -0.2375362
      0.0482737      -0.0558650      -0.1862914
      0.0680897      -0.2491869      -0.0927781
      0.1704779      -0.5872497       0.1221645
      0.3473136       0.2198966      -0.1309414
      0.2750046      -0.3443102       0.2094806
      0.2556531      -0.2059825       0.3085973
     -0.1637078       0.0730919      -0.5193293
      0.1336254       0.1114964      -0.0122477
      0.0432615       0.0644644      -0.1394430
     -0.2784454      -0.4343152       0.1989481
     -0.0312916       0.2514851       0.1870190
      0.1155490       0.0161328       0.0263937
      0.0979759       0.1992053       0.2293288
     -0.0160913       0.1158216      -0.2401099
      0.2125074      -0.3598172      -0.1144748
     -0.1105081       0.1189645      -0.0865091
     -0.0461177       0.0545213      -0.0899928
     -0.3192477       0.3386818       0.0570025
     -0.1739197      -0.2510685       0.2631505
      0.3005601      -0.0889509      -0.1242217
     -0.0753098       0.0463102       0.3710630
      0.0015093       0.0416347      -0.0874071
     -0.0021511      -0.1284076      -0.4499483
     -0.4952358       0.1726776      -0.3546307
      0.1801145      -0.0194762      -0.1236264
      0.1320134       0.1958762      -0.2719687
      0.1520120      -0.0695536      -0.0324145
      0.1100720       0.1918292       0.0121334
      0.2326850      -0.0601189       0.2830347
     -0.0086544       0.4010616      -0.0745039
     -0.3354045      -0.0910327      -0.1967680
     -0.2689497       0.1546339      -0.2207514
      0.0213415       0.1602364      -0.0825262
      0.0425489       0.2946546       0.2125181
     -0.1902012       0.1290642      -0.3048370
      0.2112557       0.4527153       0.3197050
      0.2667090      -0.0953267       0.0622447
      0.4915350       0.2168293       0.0800088
     -0.2748945       0.0876082      -0.1969433
     -0.0290167       0.3964756      -0.3855526
     -0.0167844       0.2291786       0.2737554
     -0.2875649      -0.0635601      -0.2494515
     -0.0828387       0.0273268      -0.0115264
      0.1903686       0.2075466       0.3013069
      0.2034707      -0.2010443       0.0903073
     -0.1783178       0.1760539      -0.2068878
     -0.1072691       0.0592602      -0.0863361
      0.0606984      -0.4391420       0.1648087
     -0.0918721      -0.0031920       0.1612155
     -0.2952228       0.4648516       0.0924171
     -0.0401209      -0.5341030       0.1033548
      0.5130197       0.0019545       0.1436379
     -0.2110809      -0.1285381       0.0487168
     -0.1447935      -0.2003006       0.4938093
     -0.3142399       0.2273766       0.1603609
      0.4169966      -0.1069782      -0.4703274
     -0.1060155       0.4914099      -0.0489424
     -0.4228839      -0.4426871      -0.0527679
      0.2932164       0.3267260      -0.0127249
     -0.2211232       0.0225390       0.4221470
     -0.4541802      -0.2073276      -0.5931690
      0.3713946      -0.0836955       0.3544140
     -0.6632750      -0.0500889      -0.2030715
      0.1681965      -0.1129186      -0.0550942
      0.0560008       0.8825742      -0.4855374
      0.0206036      -0.2673085      -0.3901822
     -0.1561077       0.0076924       0.3051082
      0.1714931       0.1636926       0.1191167
     -0.9405102       0.0302860      -0.3234539
     -0.1426745       0.2219963       0.7029668
      0.0617603      -0.4572393      -0.6016963
     -0.1727754       0.3504329       0.8379398
      0.1397510       0.0812159      -0.7986032
      0.0854717      -0.4373235       0.0966770
     -0.1052094       0.5937373      -0.2003487
      0.0012324      -0.2600181      -0.4039130
     -0.1075098       0.5364476       0.3096386
      0.2885933       0.1274010       0.0518069
     -0.4363350      -0.0453251       0.5298337
      0.3158369       0.4717812       0.1780154
     -0.3098444      -0.4665809       0.3132476
      0.4954787      -0.2934353      -0.0196703
     -0.6184253       0.5979482      -0.0142568
     -0.6429683      -0.3766590      -0.0133371
      0.2868790       0.4855296       0.0243700
     -0.5984263       0.0072355       0.1672858
      0.6479812      -0.4257669      -0.0971014
     -0.3809246       0.0787091       0.5221900
      0.1015165      -0.1700241      -0.1161374
      1.0353728      -0.1300509      -0.3567393
     -0.9982212       0.5176559      -0.0380949
     -0.0830531       0.1041629      -0.4706257
      0.0046380      -0.0754493      -0.0631722
     -0.8196586       0.1613133      -0.1379746
      0.9902484      -0.1500955      -0.1213112
      0.3129337      -0.6689377      -0.3309440
     -0.7131215       0.0119555       0.5033806
      0.5096693      -0.1254527       0.5506653
     -0.0596883      -0.1771104      -0.2077276
     -0.6158572      -0.0878510      -0.0095021
      0.3525977      -0.1119813      -0.5609004
     -0.3989613      -0.2174787      -0.6900541
      0.3334044       0.1673851       0.8179498
      0.4103581      -0.9246525      -0.5474283
     -0.3380920       0.6205180       0.6939395
     -0.0263157       0.6621766       0.0172093
      0.0048032      -0.3437299       0.5191911
     -0.2548872       0.2806133       0.3138592
      0.2771766      -0.3423370      -0.3098243
      0.1509180      -0.3910842       0.4214715
     -0.0279760       0.4942311      -0.4188500
     -0.6460035      -0.5919847       0.0803464
      0.4980998       0.2886128      -0.0558024
     -0.2161049       0.1213017       0.6025752
      0.2362428      -0.4416801      -0.2111711
     -0.1389835       0.5516761      -0.1090177
     -0.2174337      -0.5312442       0.0642394
      0.7684306      -0.2919595      -0.2424471
     -0.2322092       0.2967790      -0.1168749
     -0.2385663       0.4202634       0.5266871
      0.4933650      -0.2494057       0.3986906
     -0.3519681       0.1332451      -0.3650724
      0.1924829       0.2469508       0.0247977
      0.0846082       0.3126732      -0.2870735
     -0.1156556       0.6777029       0.1243300
     -0.1585162      -0.0043697      -0.0495681
      0.1024435       0.3429344       0.2687718
     -0.2044491       0.1004352       0.0460283
      0.0092247      -0.3005630       0.5035100
     -0.3525363       0.0655066       0.1301862
     -0.1401838       0.0787245       0.0020913
      0.0306860      -0.0654271       0.1402380
      0.1149896       0.4548522       0.1088478
     -0.0264613       0.0270349      -0.5416543
     -0.4348119      -0.1778553       0.4595693
      0.0039583      -0.2632923      -0.7658372
     -0.0511060      -0.1250354       0.6680612
      0.0990754       0.1931196       0.1713156
     -0.2741804      -0.3236930       0.1585739
      0.0062045      -0.0613583       0.0337044
      0.2335159      -0.0033183      -0.4274671
      0.0011759       0.1026990       0.0565696
     -0.0643857       0.1257598      -0.1553570
     -0.3122761      -0.0739634       0.1266756
      0.1210688       0.0790955       0.0749349
     -0.2537627       0.0086349       0.0266086
      0.2174411      -0.3068866       0.1356472
      0.3230650      -0.0022848      -0.0521915
     -0.2712610      -0.1755841       0.2168104
      0.2766300      -0.1920145      -0.0543633
     -0.3527950       0.2845235       0.0036661
      0.1407502       0.2085206       0.1326948
     -0.1295944       0.1455263      -0.0226717
     -0.3960820       0.0993883      -0.0543896
      0.2477550      -0.4556877       0.2911892
      0.2746340      -0.2753592      -0.1808025
     -0.0294253       0.2538095       0.1215684
      0.3557774      -0.4368216      -0.1117471
     -0.5886639      -0.0376547       0.3205037
     -0.2321650       0.2226934       0.2969452
      0.3626370      -0.1252924      -0.5615549
     -0.3405761       0.3882640      -0.0057837
      0.1159486      -0.0246685      -0.0981978
      0.1980756      -0.3433069      -0.0094170
     -0.2050599       0.1097049       0.5412159
     -0.0712539      -0.3021508       0.4017394
     -0.4181283       0.1767505      -0.0549137
      0.0354863       0.3043352       0.4850803
      0.3008477      -0.3103574      -0.0504831
      0.3305364      -0.1738498       0.1204101
     -0.0354802       0.0809522      -0.2989680
      0.3988463      -0.1989205      -0.1713542
     -0.1344582       0.0384931      -0.2967179
     -0.1570868      -0.0269063      -0.1074392
      0.1896065      -0.4549843      -0.1652465
      0.2656270       0.2634640       0.1589837
      0.0551809      -0.3008212      -0.3077638
      0.2488371       0.1544161      -0.7776204
      0.1626519       0.0720103       0.0138796
     -0.1331268      -0.0450317      -0.3264271
     -0.0781659       0.1348284      -0.2660646
     -0.0004598       0.0771032       0.0348647
      0.3130841      -0.2338029      -0.1061281
     -0.0287081      -0.2368577      -0.2968700
     -0.0273625      -0.4124631      -0.5987009
      0.9215535       0.0704388       0.1174238
     -0.7220237      -0.7191022      -0.0666196
     -0.0529797      -0.4482174       0.0566672
      0.1655148      -0.6012982       0.4998671
     -0.8834578      -0.1502052       0.1916207
      0.8748202      -0.0938556      -0.2848259
     -0.0650156      -0.2231975      -0.4002459
     -0.3572044      -0.2467571      -0.3690779
      0.7068377      -0.1493888       0.2410764
     -0.5168662      -0.3612333      -0.0384569
     -0.5681546      -0.2356898       0.1870575
      0.5137360      -0.4625547       0.1090070
      0.1246028      -0.3447141      -0.1482813
      0.3829900       0.1392659      -0.0174759
      0.1407681      -0.0022014      -0.3286018
     -0.5150794       0.4472469      -0.1033712
     -0.1480810       0.2492418       0.0483487
      0.4111987      -0.5955574       0.4820584
      0.0231179       0.6493030       0.6927366
      0.1052141      -0.4556807       0.4892526
     -0.0791719      -0.4179640       0.1755553
      0.5030825       0.2600822      -0.0539978
      0.3187651      -0.5548576      -0.1887956
     -0.1087044       0.2896182      -0.0486868
     -0.6153621       0.5005691       0.5776421
      0.1327350      -0.2799411      -0.2952883
      0.6229694       0.2973429       0.3740270
      0.3248420       0.1246178      -0.2770640
      0.0505094       0.1611399      -0.4855099
      0.0675508       0.0105902       0.1741138
     -0.3387806       0.2181389      -0.7141069
     -0.0096816      -0.2117701       0.2984923
     -0.3420344       0.4411702      -0.1688280
      0.1799889       0.3065764      -0.0377256
     -0.6031650       0.6406888       0.4537708
      0.5614129      -0.2197676      -0.2388469
      0.1360793       0.4449787       0.0873339
     -0.0779387      -0.3184301      -0.5977496
     -0.7828324      -0.1288133      -0.2692950
     -0.0309192       0.0036421      -0.0128902
      0.4550942      -0.2621347      -0.7151949
     -0.4818721       0.5852745       0.5891861
     -0.0064785       0.5666500      -0.2103787
      0.0663946      -0.3740385       0.0677493
      0.2887899       0.7058716       0.5729781
     -0.4175268       0.2639334      -1.0964494
     -0.7763687       0.8231988       0.3182111
     -0.0555630      -0.0043420      -1.0078586
     -0.2043129       0.0460265       0.1626330
      0.1085838       0.1218767      -0.1340911
      0.2920674       0.0932329      -0.3013057
     -0.0583553       0.4733760       0.8490610
     -0.2091381       0.3060649      -0.7653581
      0.2080218       0.2793713       0.1995905
      0.1847788       0.4401681      -0.3675727
     -0.8333389      -0.3570546       0.2916742
      0.2550376      -0.2194701       0.5843328
     -0.5528113       0.1742599       0.7127203
      0.1030840      -0.1364905       0.3861684
      0.8948278       0.3556671       0.1127516
     -0.5283478       0.3293500       0.1591976
      0.5497773      -0.5283367      -0.1215503
      0.3219428       0.2188643       0.0942399
     -0.1092414       0.1619384       0.2805782
     -0.3678398      -0.0613104      -0.1454042
      0.3195343      -0.0215523      -0.0124504
      0.0800279       0.0759563       0.0899478
     -0.0529078       0.1665948      -0.3425784
      0.6499117      -0.1173547      -0.3240918
     -0.3847395      -0.0045082       0.1134259
      0.1717799       0.1150373       0.5268562
      0.4265116       0.2711264       0.1479387
     -0.6011406      -0.0605287      -0.0335489
      0.1892457       0.2169821       0.2831364
      0.3930936      -0.2427035      -0.0680615
     -0.4293965       0.1632423      -0.0374745
      0.0764725       0.0582862       0.0324020
     -0.3674614      -0.1847956      -0.1361978
     -0.0993550      -0.1309365       0.1849701
      0.2110721      -0.0139318      -0.1172247
     -0.1913923      -0.1282357       0.3140250
     -0.0457660       0.4693802      -0.0131760
     -0.0432270      -0.2844504       0.0278697
      0.0774999       0.2643328      -0.1927438
      0.0966451       0.3431659      -0.2209889
      0.1800331      -0.0620239      -0.0268705
     -0.1442376       0.2326527       0.5419649
     -0.1410029      -0.0885663      -0.2054603
      0.3359335      -0.3350469       0.2217110
     -0.0069214       0.1475372       0.3065179
     -0.3377785      -0.3534108      -0.2030588
     -0.2270329      -0.3166927      -0.1407222
     -0.0268352      -0.0341929       0.1455443
      0.0109631      -0.1167584      -0.4361893
      0.1281021      -0.3538507       0.0007784
      0.1884823       0.1670683      -0.2355222
      0.3501379      -0.3171486       0.2930290
      0.1551265       0.2387255       0.0365718
     -0.1275807       0.2193397      -0.0809290
     -0.5217284       0.0096356      -0.1050019
      0.1363307       0.0300403       0.1042741
     -0.1190350       0.1790865       0.1626462
      0.0598370      -0.4334180      -0.2323131
     -0.2394667      -0.2068634       0.2678393
     -0.3244780      -0.0954933       0.1517461
      0.2937712      -0.1219275      -0.1090011
      0.2536972      -0.3429535       0.1947176
     -0.3029113       0.1857620      -0.2177110
      0.0564412       0.0496757      -0.4080597
      0.2445869      -0.1991619       0.3160220
      0.1964247      -0.1212730      -0.2854956
     -0.2796229       0.0955911       0.4589196
     -0.0341956      -0.2919517       0.0037280
     -0.1614093      -0.2145580       0.1158968
     -0.0441301      -0.0993842       0.1672996
      0.0515195       0.0377629      -0.5156544
     -0.0672084      -0.2538241       0.2885791
     -0.1110241       0.3795985      -0.2420917
     -0.5130487      -0.3543675       0.0632472
      0.3948903       0.1018407       0.1740994
     -0.0686671       0.1966750       0.1942016
      0.1252818      -0.2200714      -0.3238077
      0.0233552      -0.0507368      -0.1717988
     -0.4741291      -0.1481145      -0.0870942
      0.5757248      -0.1433666       0.0357682
     -0.2642654       0.3030494      -0.0306001
     -0.0403783       0.1270731       0.2283277
     -0.0322214       0.2470769       0.3189786
      0.2257360       0.2677625      -0.1350525
      0.1492883       0.4888142      -0.3985126
     -0.1954247       0.4393330      -0.1069048
      0.4456112       0.2066775      -0.5302729
     -0.1924613       0.3596572      -0.0996071
     -0.0678791       0.3496237       0.4767669
     -0.2810168       0.4983580      -0.3134783
      0.4465069       0.1212886       0.3114310
      0.3431577       0.0913776      -0.3713504
     -0.1008524       0.2910404      -0.1641362
      0.1359983       0.5482008       0.2012884
      0.0441909       0.1031206       0.0519051
     -0.0298000       0.2560319      -0.0697339
      0.0208027      -0.3170344       0.0011999
     -0.3070512       0.4294339      -0.0414496
      0.1348576      -0.1326989       0.3147561
      0.0332249       0.0167805      -0.3569677
     -0.3922942      -0.1824702      -0.3654083
      0.0444588       0.1348742      -0.5102361
      0.2475956       0.3232018       0.1737009
      0.1088139      -0.2164735       0.1655582
     -0.2949681      -0.1199187      -0.1484348
      0.0542704      -0.0156513       0.0322617
      0.1421564      -0.4484608       0.6286979
      0.2876652      -0.1868438      -0.7741375
     -0.8830132      -0.0487961       0.3578854
     -0.8421910      -0.6827042       0.3148876
      0.2702433       0.2144109       0.1978036
      0.1049236       0.3807502       0.2352697
     -0.1272691      -0.5090865       0.3042522
      0.7888259       0.3842220       1.4722774
      0.1164011      -0.5525272      -0.3361513
      0.4746409       0.1695838       0.0944191
     -1.2477906      -0.6704130      -0.1400981
      0.6435359      -0.5210827      -1.0046923
     -0.2222541      -0.2811349       0.2545750
     -0.9554858      -0.6218878       0.0875172
      0.6092020       0.2662458       0.6854547
      1.1790064       0.4595917       0.4619657
     -0.0111827      -0.3359960      -0.0912747
      0.5411908       0.5416313       0.5202597
     -0.5052044      -0.8808591      -1.0422995
     -0.2491992      -0.6742017      -0.0713279
      0.0637324       0.0884260       0.0889038
     -0.4865510      -0.6712961      -0.5337992
      0.0776922       0.4700451       0.9689983
      0.1224460      -0.7421303       0.0586903
     -0.0711118      -0.0203557       0.0953918
     -0.0092642       0.0221906      -0.6042996
      0.1266158       0.1772360       0.4818495
      0.1541018      -0.0026069       0.1132264
      0.2721409      -0.3877554       0.2040175
     -0.2094280      -0.1457112       0.0191374
     -0.2890514      -0.1545955      -0.4706674
     -0.0144082       0.0852046      -0.2152234
      0.2684729       0.2484780      -0.0649973
     -0.0267286       0.3078778      -0.1606064
      0.5440740       0.5205475      -0.4888533
     -0.1798330      -0.0895288      -0.0595523
     -0.1147199       0.1002788       0.0888463
     -0.2580445      -0.3560254      -0.4469579
     -0.2239781      -0.1641325       0.0003003
      0.3131638      -0.2041363      -0.1533202
      0.3198381      -0.1782457       0.3778429
      0.0264734      -0.4403201      -0.0405159
     -0.0752202      -0.2872058      -0.1522618
      0.1682528      -0.1701566       0.0374653
     -0.0568297      -0.3420073       0.1068847
     -0.0102326       0.1189890       0.2939185
     -0.1999869      -0.6689784      -0.0719419
      0.0104875      -0.3056466      -0.1358367
     -0.0091000       0.3589041      -0.0560388
     -0.1262806      -0.4976647      -0.0394742
     -0.1085140      -0.4181366      -0.0158731
      0.3272772      -0.0118902       0.1669592
     -0.0029251      -0.1119443      -0.0133921
      0.0797177      -0.0454262       0.4149363
     -0.1527772      -0.2828463      -0.3458972
     -0.0144546      -0.3047485       0.0256687
     -0.2322683      -0.0677916       0.0624372
     -0.0167702      -0.1881082       0.2559822
     -0.0080423      -0.1503315       0.4393793
      0.0018721       0.2831744       0.9199787
      0.0151414      -0.3324266      -0.0833650
      0.1925776       0.1580297      -0.2230933
      0.1674260       0.0661839      -0.2476201
     -0.3069649      -0.1840801      -0.1735337
     -0.1141227       0.6685394      -0.1808565
     -0.3645535       0.3687336       0.1076086
      0.3607557      -0.2568312      -0.1827487
      0.5720841       0.4953386       0.1484800
     -0.3662152      -0.0428273      -0.1893466
      0.0666013      -0.0488961      -0.1783956
     -0.2821417       0.4421271      -0.3931876
     -0.4308592      -0.3022301      -0.8666107
     -0.1981409      -0.0665286      -0.1647650
     -0.3870319      -0.1743398      -0.2319129
      0.6249613       0.1290800       0.6452440
     -0.2761449       0.1977029       0.2695218
      0.4433992       0.0789063      -0.0566442
      0.5157622       0.5923978       0.0358719
     -0.6523885       0.0000717      -0.1942870
     -0.7235315      -0.2053728      -0.7152257
     -0.1326683       0.0962528      -0.0534976
      0.0176010       0.3566160      -0.1137309
      0.0659947       0.5969710       0.8661631
      0.1812780       0.0297782      -0.0897512
     -0.0457668      -0.1140765       0.0972703
      0.7788721       0.0752872       0.1887808
      0.0836959      -0.1342645      -0.2044633
     -0.6100652       0.2588954      -0.2269663
     -0.0401534      -0.0229718      -0.4068657
     -0.2506110      -0.0165418       0.0890246
     -0.1516642       0.3564870      -0.3023006
      0.0456517       0.0076805      -0.1338503
      0.1131424      -0.1280384       0.3385552
      0.2027210       0.2308609      -0.0482178
      0.4953675       0.0751592       0.2501631
      0.1042469       0.0187237       0.0550386
      0.1549583       0.0084829      -0.0683810
      0.0013524      -0.2504826       0.2026189
     -0.5151780      -0.3464488       0.2386717
      0.1071016      -0.2163952       0.1093712
      0.0242022       0.2006503       0.1952934
      0.1966735       0.3074222       0.1337647
      0.2085177      -0.1498270       0.1936956
      0.2549304       0.1116534       0.1888423
     -0.1819145      -0.0739586      -0.1794174
      0.8346031       0.1365509       0.1549071
     -0.7451716      -0.3804118      -0.1470896
     -0.6663123      -0.4351420      -0.5781102
     -0.5979445       0.4803737       0.3615306
     -0.4001892      -0.4424589       0.2366605
      0.5018964       0.5666430       0.1860083
      0.4095372       0.1385751       0.3729532
     -0.6352537      -0.0068078      -0.2762859
      0.2261923       0.3192871       0.4984712
     -0.4155637      -0.8698596      -0.0378049
     -0.2172917      -0.4707609      -0.4560336
      0.1553870       0.3059706      -0.1816277
     -0.0857726      -0.3033076      -0.4029584
      0.2303449       0.5600070       0.3151582
      0.1392776      -0.2417790      -0.1308584
      0.0412321       0.4118509      -0.3128731
      0.2540828      -0.2225526       0.0824490
     -0.0903308      -0.2496514       0.2119205
     -0.0430900      -0.3350635      -0.3036782
      0.0260235      -0.4392334       0.1993055
      0.1073566      -0.3350503      -0.1330611
      0.0957242       0.2404641      -0.0444586
     -0.1422546      -0.3561698       0.3937674
      0.0145984       0.1623631      -0.3863909
      0.2956107      -0.0400706       0.1654922
      0.2696291       0.0597444      -0.6047831
     -0.0432965       0.3337925      -0.4524086
      0.0891896      -0.1517852      -0.0864037
      0.2036492      -0.2042443      -0.1240471
      0.0059690       0.0107716       0.2027093
     -0.1031199       0.1857719      -0.0029549
      0.2166545       0.3030181       0.3688016
     -0.0553165      -0.2947343       0.0852944
      0.1774630       0.3606729      -0.3521965
     -0.0132033       0.2511808       0.2683190
      0.2109122       0.0858431      -0.9589247
      0.1821086       0.2492017       0.0602064
     -0.0908156      -0.4485487      -0.1372628
     -0.0589239       0.0982374      -0.1832740
      0.1878708       0.0508903       0.6349656
     -0.2183690      -0.5303023      -0.2051844
     -0.0839433       0.5200025       0.2872027
      0.1370629       0.1679381       0.1183681
      0.0018505      -0.0968545      -0.2400267
     -0.3677073       0.6455062       0.0344925
     -0.1473961      -0.1657178      -0.1756268
     -0.1325163       0.0178182       0.1166875
      0.0559507      -0.4194246      -0.0101755
     -0.3281468       0.3729232       0.2699086
     -0.1395301      -0.0103663       0.1742504
      0.2334471      -0.3427645       0.0856898
     -0.5139129       0.6544852       0.1981372
     -0.1816766      -0.2609218      -0.1813962
     -0.1713361       0.4122008      -0.3172384
      0.0745184       0.4314882      -0.1110724
     -0.1156751      -0.2841044       0.5376709
      0.3950986      -0.3745673       0.2176471
     -0.3499132       0.2529584       0.6133404
     -0.7622964       0.0723651      -0.1044721
      0.4739783       0.2835360      -0.6669087
      0.3347471      -0.0219198      -0.1729486
      0.4984632      -0.2747326      -0.3754644
      0.1887356       0.1567759      -0.1033042
      0.1639003      -0.0026501       0.2411066
     -0.7431335       0.0406519      -0.3721103
      0.5687345       0.0398974       0.1369402
      0.1744877       0.2372774      -0.2230126
      0.5049799      -0.0215989      -0.3419944
     -0.1305357       0.0936970      -0.0484489
     -0.6647527       0.3215401       0.1938534
     -0.4543528       0.1343945       0.1894347
      0.4484768       0.0663114      -0.1227227
     -0.2889867      -0.1902215      -1.0075063
      0.4408801       0.3033440       0.1180497
      0.2697638       0.3520472      -0.1267941
     -0.3083234       0.4468716       0.6699450
      0.0337289      -0.0663256       0.1508574
     -0.4245910      -0.3742402      -0.1990923
     -0.1358048       0.3618849       0.0799043
      0.0988184      -0.5075492       0.2529819
      0.1015802      -0.0781599      -0.1136093
     -0.3921568       0.5180848      -0.3664767
      0.4011631       0.0993320      -0.2187786
      0.2052811       0.6212212      -0.0061165
     -0.0041534       0.0778555      -0.1262629
     -0.1844345      -0.0489851      -0.2633026
      0.4624382       0.1158633      -0.1769985
      0.2261968      -0.3519823       0.2264869
      0.0101779      -0.1670738      -0.4026646
     -0.4163684      -0.2757296       0.5650937
     -0.1577343      -0.1903707       0.3656004
      0.2695785       0.0822953       0.1971881
     -0.0349738       0.3188504       0.2042178
      0.0165708      -0.0895935       0.1599659
      0.1307894      -0.2935481       0.1995857
     -0.0449588      -0.5020706       0.0028553
      0.3039656       0.3668960      -0.1134433
      0.1118607      -0.1960120       0.1894489
     -0.1199370      -0.5246094      -0.4178648
     -0.4295403      -0.3473981       0.3094184
     -0.0480087      -0.2887047      -0.1130990
     -0.2333128       0.0997083       0.7170865
      0.1593753       0.2227406      -0.1354295
     -0.2183078      -0.1509725      -0.5335463
     -0.0609365       0.4645685       0.0187568
      0.2155114      -0.0914337      -0.3766150
     -0.4855807      -0.5011889      -0.2385718
     -0.3001610      -0.1128636       0.5063807
     -0.0881324      -0.3289562      -0.2304860
     -0.1358048       0.0605406       0.1077830
     -0.0471280       0.2304320      -0.0715633
     -0.3972149       0.4907013      -0.0072801
      0.0682534      -0.1307910      -0.1586404
     -0.1824833      -0.4662126      -0.0714105
     -0.1245584       0.3776338       0.0543271
      0.6025774      -0.3143545      -0.3469539
     -0.1743745      -0.1492415       0.2946254
      0.1586374      -0.2332632       0.0606066
      0.1891438      -0.0601002       0.0392480
      0.1450735       0.1726419       0.1722846
     -0.2124916       0.7321159      -0.7450826
      0.5458032      -0.0040739      -0.4507657
      0.2226872      -0.0994495       0.0162538
     -0.4843009      -0.2946723       0.1867012
     -0.1617973       0.2087874       0.0095733
     -0.6579011       0.1421648       0.1482143
     -0.3905908      -0.3949402      -0.6500419
     -0.2941408       0.3075130       0.2728915
      0.4215204      -0.5327488       0.3332419
     -0.2765429       0.1224400       0.1049043
      0.1278540       0.1882214       0.7966711
     -0.5649211      -0.4906409      -0.5598299
      0.6024484       0.6351686       0.1923860
      0.3888148      -0.4644617      -0.6176206
     -0.4755746      -0.3116296      -0.3354023
     -0.0788880      -0.1468069      -0.0455811
      0.3003915      -0.4419856       0.5395295
     -0.0786197       0.4058482       0.3905191
      0.1811266       0.0962326       0.3886827
     -0.2902018      -0.9174611      -0.7570170
     -0.1496444       0.1009105       0.3900850
      0.0707038      -0.2046334      -0.3315529
     -0.0949107       0.2589768      -0.0623536
     -0.2419074      -0.3679663      -0.3600210
     -0.2809079       0.2634468       0.0136964
      0.2461262      -0.0696195       0.3356646
     -0.0626623       0.0037707       0.5304798
      0.1930883       0.1212054      -0.1440767
     -0.0765613      -0.2629615      -0.0850208
      0.1647288      -0.1122676       0.3472750
      0.1839080      -0.0336822      -0.3338973
     -0.2489685      -0.0158748      -0.3391195
     -0.0243458       0.3212069       0.3019649
      0.1359913       0.3108059      -0.1461196
     -0.0553903       0.0520984       0.3546328
     -0.0509574       0.4413415      -0.3142684
     -0.3066672       0.2716384      -0.4762447
      0.2556584       0.1077457       0.0021416
     -0.0308499       0.1427846       0.1843696
      0.4157815       0.1686111      -0.1243242
      0.4161416       0.4411277      -0.0259613
     -0.4419763      -0.0774015      -0.4424012
     -0.1254638       0.3174037      -0.1672559
      0.1967654       0.3448353       0.1876976
     -0.5892371      -0.2246238      -0.0255219
      0.1646600       0.2305423       0.1273098
      0.0935090      -0.3724680       0.1773327
     -0.2489067       0.0610318      -0.0417370
      0.4630475       0.0872176       0.1720391
     -0.2729889      -0.4803336       0.2824488
      0.0577981       0.1082134       0.0929075
      0.7410730       0.1827613       0.1018374
      0.1494295      -0.1062505      -0.1318202
     -0.2393845       0.4255089       0.1086987
      0.0216604      -0.5844491      -0.1992663
     -0.1002270       0.1833287      -0.2003029
     -0.2334730      -0.1449065      -0.0881487
     -0.0537883       0.0358945       0.3093662
      0.1363640       0.2248481      -0.2482777
      0.0358740      -0.3727876       0.3531949
     -0.1588948       0.2935007      -0.0975953
      0.0297698       0.6219201      -0.1854765
     -0.3920845      -0.3929019      -0.1985189
     -0.2556944       0.2597081      -0.2389591
     -0.0262195      -0.2648094       0.5580880
     -0.1474699       0.2647634       0.0973539
      0.6595372       0.2679100      -0.1866959
      0.1351846       0.0363220       0.2235325
      0.6310205      -0.1282698       0.0361655
      0.2502987      -0.3539244       0.1745846
      0.1023572       0.3126342       0.6790138
      0.3594010      -0.4174759      -0.0493302
      0.1636365       0.4620980       0.2715114
     -0.4537036      -0.1409484      -0.1779638
     -0.0095023      -0.2898382      -0.7192405
      0.3772124       0.2700208       0.6448927
     -0.2046172      -0.6105089      -0.1818537
      0.0663548       0.4190731       0.4041322
      0.3209893       0.0506444       0.3797961
     -0.0053523       0.2998155      -0.0510388
     -0.2509464       0.7222913       0.4315585
      0.1649435      -0.3707616      -0.5560970
      0.0156802       0.1349962      -0.0279840
      0.4898079       0.4834274       0.5421202
     -0.2150542      -0.3445280      -0.7345727
      0.1337622       0.2610671       0.5435648
      0.4025110      -0.3125929      -0.0261575
      0.1096630       0.2085989       0.2445793
      0.1910589      -0.3524759      -0.2113391
     -0.3485240       0.1481903       0.1417102
     -0.2084957       0.1827477       0.0344582
      0.0361201      -0.4282344      -0.0664485
     -0.0910262      -0.3494164       0.0016989
      0.1700680       0.2945492      -0.4059092
     -0.1962267      -0.0111122       0.2375899
      0.3415122      -0.0065243      -0.2820624
     -0.3114750      -0.3447266       0.3015522
      0.1233873      -0.3529833       0.2187328
      0.3108646       0.0825767      -0.6651874
      0.0373186      -0.2614763      -0.0916381
      0.4511649      -0.4175219       0.0762057
     -0.5946543       0.1774274      -0.1699232
      0.0527675      -0.0433353      -0.0895890
     -0.2531452      -0.0139201      -0.0249900
     -0.2853970      -0.6103777       0.1776337
      0.8007103       0.5876441      -0.0294569
      0.0242991      -0.0131651       0.2114287
     -0.9232539       0.0013704      -0.1546415
      0.8120305       0.3387913      -0.0259144
     -0.3926418      -0.1069467      -0.3203593
      0.0415630       0.0266717      -0.1573768
     -0.1212512      -0.1279744       0.3007736
     -0.3341294       0.1038404       0.2600908
      0.2774351       0.3880603       0.2767308
      0.2833912      -0.3230474      -0.2814745
     -0.5843564       0.2954901      -0.3593458
      0.3084064       0.5833607       0.3940266
      0.1047759      -0.0015294      -0.0687232
     -0.1161575       0.0688222       0.2551114
      0.1169899      -0.0096144       0.2129585
     -0.1130390      -0.2194744       0.2781093
     -0.2474576      -0.0240949       0.0997763
      0.1609162      -0.5090805       0.2292717
     -0.3174836       0.3560580      -0.5362652
     -0.0750363       0.1194639       0.0356614
     -0.1838675      -0.0535255      -0.0530192
      0.1513094      -0.0949955       0.1269306
     -0.1089561      -0.1488317       0.3399830
      0.0162558      -0.2478701      -0.3225367
     -0.1388799       0.2319021      -0.1306411
     -0.3898071      -0.3411357      -0.0829966
     -0.0738658      -0.0567675      -0.1284481
     -0.1600142       0.1297733       0.2944383
      0.1982007      -0.0445514      -0.1860993
     -0.1860247       0.2276478       0.3556601
     -0.1110698      -0.0505209      -0.3003128
      0.8121850       0.9123816      -0.4653286
      0.2612860      -0.1028915       0.0682717
     -0.2424144      -0.1393269      -0.3659929
      0.1672135      -0.3411961       0.0242301
     -0.5804082      -0.1466412      -0.0631630
      0.2175202       0.4050312       0.1540673
      0.1321617       0.1107579       0.1718783
      0.0175893      -0.3055793      -0.2357418
      0.6382232       0.4471596      -0.1189684
      0.0302926      -0.3962385       0.1928484
     -0.1812390       0.3217517      -0.2458832
      0.0161295       0.0079245       0.3806251
     -0.2140997      -0.0822754      -0.0453420
      0.2160957       0.6757846       0.1444911
      0.0000818       0.2887433       0.4369457
      0.1313332       0.3279529      -0.1871785
      0.0681936       0.1587341       0.0105463
     -0.1191346      -0.3172061      -0.2832765
      0.3036802       0.6872937      -0.4560320
      0.0631687       0.2441684       0.3587490
      0.0165886       0.4407557       0.1674340
      0.1314733       0.0132076      -0.0697107
      0.1421553      -0.0782544      -0.0417582
     -0.1310478      -0.3863901       0.4922503
      0.0704975       0.2741358      -0.6952415
     -0.4918370       0.2170725      -0.0915664
     -0.2009198      -0.5286465       0.1248401
      0.2442304      -0.3028727       0.8878994
      0.1197706       0.2337546       0.3509685
      0.0584107      -0.1823159       0.2018147
      0.1409180      -0.0589093      -0.0144628
     -0.0260784      -0.0172197       0.4372742
     -0.2062824      -0.5216491      -0.4306615
     -0.4057658       0.1504782       0.2055969
      0.8265558      -0.1093088       0.1131563
      0.1442711      -0.7197294       0.0588288
      0.0018684      -0.0378170       0.4916283
     -0.2299533      -0.6452806       0.1495453
      0.0914808       0.0490223      -0.4413286
      0.4547721       0.1852172       0.0551704
      0.0279957      -0.3690212      -0.9462017
      0.0520678      -0.0087526      -0.3896628
      0.1352894      -0.0200093       0.5470643
     -0.0828832      -0.2352089      -0.1268455
     -0.2045050      -0.0332880       0.2033488
     -0.1668947      -0.2614904      -0.0148538
     -0.3588817       0.0632873      -0.0301630
      0.0577523      -0.0510743       0.3470665
     -0.0491807       0.0563063      -0.3479768
      0.2400271      -0.0373880       0.0419443
      0.0954682      -0.3444904       0.0488937
      0.3712777       0.1411543       0.3491485
     -0.0395292      -0.5931658      -0.3222688
     -0.4476822       0.0422013       0.1818645
      0.1140306       0.2972278      -0.7501788
      0.2215023       0.0782701       0.3484098
     -0.2298202       0.3804315      -0.0482046
      0.4578548       0.0602629      -0.0186857
     -0.2247686      -0.1486499       0.2408453
      0.1312062       0.2985783      -0.4191173
     -0.7317381      -0.1445135      -0.1883870
     -0.2757655       0.1397875       0.1864938
      0.1980310      -0.3628829      -0.8132809
      0.1399307       0.0388842       0.4209908
     -0.6016339      -0.8303879       0.0633150
      0.2495711       0.3205820      -0.0726024
      0.0048260       0.3620131       0.5600016
     -0.3376846       0.0720613      -0.4576894
      0.7109353      -0.0324663       0.3125512
     -0.6539313      -0.5281954       0.0492669
     -0.0335617      -0.1821197      -0.2171177
      0.3170323       0.2941387       0.4224973
     -0.5044659      -0.7839226       0.0835340
     -0.0577893       0.0088013       0.3378381
      0.3593183      -0.3358768       0.4949306
     -0.2597508       0.0859029      -0.0277635
      0.0737310       0.3266578       0.5085955
     -0.2966504      -0.6714364      -0.4044963
     -0.3930116       0.2325681      -0.1648698
     -0.4560778      -0.2457673      -0.1730418
     -0.1292700      -0.1000074       0.1548358
     -0.1606968       0.0993747       0.0144684
     -0.1149009      -0.7374309       0.8268627
      0.0730790      -0.0036156      -0.0287081
     -0.2532140      -0.5422708      -0.2885265
      0.1685725       0.0765976       0.2190169
     -0.1096745       0.5393489      -0.1931290
     -0.1539030       0.3207447      -0.4354518
     -0.1595663      -0.0682425       0.3674334
      0.1894148       0.0719025       0.1376804
     -0.0862951       0.1244995      -0.1434253
      0.3261315       0.5570407      -0.6736518
     -0.4484688      -0.0742828      -0.2316418
      0.1275520       0.1151969       0.0374605
     -0.2552880       0.3766582       0.2053087
     -0.2033591      -0.0807108      -0.8369749
      0.7128055       0.3663383       0.5551875
      0.3050227       0.0508465       0.0991800
     -0.6697260       0.2459688      -0.3246810
     -0.0146763       0.5636546       0.0899433
      0.1222646       0.2310684      -0.3305906
      0.3523177       0.1782251      -0.3145069
      0.0183556      -0.1686464       0.2765289
     -0.1885727      -0.5758464      -0.2559836
      0.0812712       0.7842261       0.6754541
      0.2136823       0.3150328       0.5707151
     -0.3556909      -0.2030783      -0.3879580
      0.5199641       0.2588379       0.2673079
      0.1201665      -0.3236735      -0.0670109
     -0.1970201       0.2424405       0.2005003
     -0.1025437      -0.1912852      -0.2266642
      0.0623119      -0.4599812      -0.0345796
      0.1136233      -0.0013160       0.2933185
     -0.0910223      -0.1039406      -0.0654084
     -0.0708338       0.4774997      -0.0269566
      0.2746071      -0.0217662       0.0470931
      0.1064280       0.2980374      -0.0589286
      0.5522490       0.1857675      -0.0945162
     -0.0087713      -0.5104370       0.3956892
     -0.0865179       0.1131261      -0.1790941
      0.1335167      -0.3396900       0.5285206
      0.1497506      -0.0633310       0.0256624
      0.1264201       0.0495792       0.0160315
     -0.1120295       0.0160311       0.2257543
      1.0962836       0.0349619      -0.0679834
      0.2616868      -0.2262054       0.0182311
     -0.0598485      -0.0723181       0.2267687
      0.1276496      -0.0164368      -0.0199284
      0.4347014      -0.3482968       0.2865293
      0.1885801       0.1299469       0.0555293
      0.0775293       0.0005518       0.2476780
     -0.2048208      -0.1444613      -0.0352072
      0.1822764      -0.0602456      -0.0328104
      0.0493639       0.1446037      -0.0742935
     -0.2252467      -0.0327656      -0.1680800
     -0.1734743      -0.0327473       0.3379780
      0.1335124      -0.1230294       0.2878821
      0.1105026       0.2634835       0.0575876
      0.1681263      -0.0699768      -0.1620274
     -0.3072159       0.0929085      -0.1242215
      0.0970926      -0.0624411      -0.4327670
      0.0724434      -0.0560195       0.2020842
      0.3684322      -0.3589372      -0.3851335
      0.2916144       0.2875010       0.1143803
      0.0489189       0.0180345       0.0805345
     -0.1150060      -0.2623863       0.1436262
     -0.1580305      -0.1227514      -0.1466785
      0.0397450       0.1393029      -0.3066607
      0.1895547      -0.2211643      -0.0264929
      0.1143187       0.1395768      -0.2285116
      0.0990168      -0.0240925       0.0800357
      0.0442645      -0.0785299       0.4409309
     -0.0086164      -0.0258006      -0.2319908
      0.1580344      -0.2566104      -0.2344891
     -0.3374383      -0.1373398       0.1933589
      0.0708198      -0.0343756      -0.2592463
      0.2983063      -0.0190376      -0.2793774
      0.1315680       0.1063748      -0.1829609
      0.5664259       0.3629125       0.2448989
      0.3817938      -0.0276448      -0.2092560
      0.0276421       0.1789885       0.1373170
     -0.5138971      -0.5973479      -0.2237059
      0.2820482      -0.1513480      -0.4102311
     -0.0088038       0.1631803       0.2789563
     -0.3862767      -0.2050352       0.1590696
     -0.1346873       0.3345160       0.2281983
      0.3764145       0.2548790       0.5434623
      0.0183165       0.4104129       0.1666217
     -0.2630893       0.1641678       0.2463232
     -0.1447187      -0.2938896      -0.3867874
     -0.0466380      -0.3092659      -0.0603077
     -0.3725360       0.3610355      -0.0271304
     -0.0887980       0.0065442      -0.1194793
      0.2693209       0.3866923      -0.0689864
      0.1748525      -0.0690468       0.3413464
      0.2178959       0.2404624      -0.3632414
     -0.0088907      -0.2460226      -0.1228946
      0.1253892       0.5728997       0.2145260
      0.0793777      -0.2956680       0.3768885
     -0.2308087       0.1519812       0.1054878
     -0.2723099       0.1247939       0.0269371
      0.0450252      -0.0798683       0.0059894
     -0.0033685       0.1236428       0.3808241
      0.0321360      -0.2243132      -0.1453073
      0.0500348      -0.4781862      -0.0053071
     -0.2286256       0.2315101       0.0918707
      0.0265918      -0.0677918      -0.3983939
     -0.1181140      -0.1425855      -0.1651469
     -0.4317614      -0.1267146       0.3604816
      0.1401096      -0.2838402      -0.3285809
     -0.0849686       0.5013460       0.3235049
     -0.4216180       0.1139813      -0.6627637
      0.1646473       0.5166768      -0.5713632
     -0.1258188      -0.1071088      -0.2792642
      0.4410694       0.2056404      -0.2774213
      0.3175823       0.3259518       0.1701403
     -0.7686703      -0.0921864      -0.0989020
      0.0185086       0.3485805       0.0884774
      0.3365262       0.2637348       0.2542309
     -0.1189031       0.0347460      -0.4144889
      0.2949290       0.4430189      -0.5412428
     -0.0689299      -0.2433847      -0.1625484
     -0.5324104       0.1920790      -0.1255012
      0.6367541       0.2155986       0.5118194
     -0.1987061      -0.5666987       0.2604300
      0.0007202       0.2186377       0.1552198
     -0.3345939      -0.0509112       0.1841085
     -0.1428152       0.4482734       0.1862801
      0.4031881       0.1150492      -0.3058665
     -0.0006898       0.7368653      -0.2381203
      0.2514362       0.7298237      -0.0713622
      0.6712825      -0.3010918       0.5690729
     -0.1418564      -0.1020620       0.4860132
      0.1191391      -0.5191145      -0.2018915
      0.1583853       0.0461355       0.2022568
      0.4972086      -0.0695462      -0.4374038
     -0.0210697      -0.1922592       0.3648990
      0.3071800      -0.2046042      -0.0074687
      0.3655798      -0.0070886      -0.2102062
     -0.4892290       0.0509862       0.4814337
     -0.1865989      -0.1649499       0.0466179
     -0.1204184      -0.1940011       0.7172307
     -0.5269235      -0.5327280      -0.3088563
      0.2052084      -0.0759261       0.6831886
     -0.0092917      -0.3967137      -0.3588801
      0.6401201       0.4499397       0.0378188
     -0.4120806       0.0271175       0.3227363
     -0.1723738      -0.6936504      -0.6452876
      0.2204424       0.0750417       0.4362060
     -0.3698438      -0.8213795       0.0716453
     -0.1862585      -0.3200614      -0.7202539
      0.0463011      -0.0464778       0.3823071
      0.1423400      -0.6784098      -0.4808063
      0.2387846       0.5016585       0.2017089
      0.0326674       0.1085649       0.1572790
     -0.2703456      -0.8347424       0.0629695
      0.2489122       0.4272536       0.0522223
     -0.7259528      -0.6149097      -0.2924863
     -0.5064656       0.3511538      -0.2446095
     -0.2236653      -0.2011591       0.6284352
     -0.2486499      -0.0456055       0.0867885
     -0.2265522      -0.4682088       0.0899117
     -0.1843484      -0.0577038      -0.1859789
      0.5412095      -0.3113644       0.0870932
     -0.0481950       0.2457761      -0.1845717
     -0.4201958      -0.3040899       0.4951685
     -0.0306024       0.2064578      -0.6739934
      0.0186875       0.0692236       0.2151558
      0.3236450       0.7354655      -0.6254675
      0.4606957       0.0130343      -0.5435214
      0.0951064      -0.0410868       0.1751268
      0.2976792       0.4088229      -0.1270643
     -0.0689291      -0.0462432       0.2156709
      0.0212016       0.2408651       0.2008814
     -0.0811605      -0.3080465      -0.0694073
     -0.0507894      -0.2131595       0.3343149
     -0.0149746      -0.1030577       0.3807002
      0.1943643      -0.1875922       0.1580728
     -0.1864227      -0.0158372      -0.0300229
     -0.1378310      -0.1281196       0.2569613
      0.4460001       0.0128866      -0.0422093
      0.1416479       0.1849894       0.1140461
     -0.1467745       0.2573465      -0.1931791
     -0.2043561      -0.0458849      -0.1595293
     -0.1005802      -0.1258637       0.3148933
     -0.0357514      -0.0622841       0.0423100
      0.0539703      -0.3641134      -0.4080597
     -0.1424668      -0.1450716       0.2121530
     -0.0981195       0.0186500       0.3334309
      0.2891063       0.2180798      -0.3433929
     -0.4282303      -0.0137070       0.2472532
      0.4267912      -0.2060250      -0.5503670
     -0.1099738      -0.2454600       0.2714120
      0.1630983      -0.0899669       0.5161642
      0.1560165      -0.4557226       0.3616466
     -0.1085756      -0.0263892       0.1374772
     -0.1011683      -0.0047309      -0.3138319
     -0.0508890      -0.2281837      -0.1274123
     -0.1645018       0.0767398      -0.0168672
     -0.1170671      -0.0075587      -0.2831266
      0.2175271      -0.0271894       0.2353675
     -0.1507449       0.3139566       0.0150333
      0.0164886       0.1628282      -0.3528777
      0.0538458       0.0300929      -0.3056051
     -0.0041810       0.2164657      -0.0876287
      0.0522786      -0.1129063      -0.0683062
     -0.2518600       0.1722283      -0.4128380
      0.0486967       0.3099987       0.0678990
      0.1813532      -0.1937911       0.2248142
     -0.0483571       0.1858263      -0.0439536
      0.1533321       0.1506173       0.2024092
     -0.1570492       0.4725886      -0.2673652
     -0.4023848       0.3146016      -0.0175642
      0.0567443      -0.0583629       0.5117785
     -0.0574429      -0.3886367      -0.1341636
      0.3233954       0.1499503       0.0763421
     -0.0031671      -0.1294413       0.0333864
     -0.1670751       0.2274986      -0.1618680
      0.3071901      -0.0225156       0.3641309
      0.0994655       0.6486219      -0.0761329
      0.0433511       0.5592719      -0.2239802
      0.2311773      -0.3080379       0.4330565
      0.0848145      -0.2707166      -0.2419748
     -0.0954448      -0.2735236       0.0692875
     -0.0112445      -0.0386707       0.0691045
      0.3375108       0.2711575      -0.0548405
     -0.0247624       0.0717632       0.0663735
      0.0521839       0.0599311      -0.1059572
      0.2334457      -0.5323529      -0.0496624
      0.0152642       0.5458274      -0.3330599
      0.3038154      -0.3850412      -0.0098983
     -0.1278254      -0.1869313      -0.2420255
     -0.5272109      -0.2757022       0.2292719
      0.0128481      -0.2389106       0.4651727
      0.0295278       0.3620673      -0.2609923
      0.2094183       0.0059803      -0.0353181
      0.2508254      -0.0303639      -0.0310907
      0.0451996      -0.1345539      -0.1288119
      0.1830649      -0.1049245       0.0071573
      0.4365406      -0.0439284       0.2261124
     -0.1879501      -0.4990766      -0.3024259
      0.1048975       0.2167147      -0.1161558
      0.0169295       0.1000175       0.0748685
      0.2307188      -0.0299103      -0.2202785
     -0.0435972       0.4091277       0.3630427
     -0.5389629      -0.1930101      -0.2948834
     -0.0414087      -0.3480086      -0.3028967
      0.2563006       0.2250431       0.5559404
     -0.1949183      -0.5550542      -0.5621052
      0.4128999       0.3097278       0.1662032
      0.1846979       0.1059247       0.1697087
     -0.0409223       0.2285722      -0.3024744
      0.0829547       0.3717884      -0.0628904
      0.1772602      -0.6712226      -0.2659381
      0.2881202      -0.1336778      -0.1196332
     -0.2248958       0.1947690       0.5836333
      0.1527673      -0.2888879      -0.0487577
     -0.2127176      -0.5496067      -0.4476169
     -0.0907036       0.1496534       0.2032932
      0.0966482       0.5478437       0.0017901
      0.1185834      -0.0532796      -0.1898123
      0.0631983       0.7342307      -0.3496188
      0.4271612      -0.0582316      -0.3161907
      0.2724340      -0.5035928       0.8274586
     -0.3163108      -0.1456226      -0.2554571
     -0.7098695      -0.0199674      -0.0752907
     -0.0719549      -0.3836313       0.4288829
      0.6103325       0.0059189      -0.6465676
      0.4483117      -0.1521167       0.1087050
     -0.2263821       0.4209226       0.0218481
      0.8467183       0.1800849       0.6948376
     -0.1684196      -0.2016678      -0.6803320
      0.3013003       0.3620784       0.3809164
     -0.6798932      -0.1900576       0.2702973
     -0.1515898      -0.5327167      -0.5644387
     -0.2303736      -0.2476846       0.8076227
      0.0109460      -0.9001701       0.0245189
      0.0382693       0.4597096      -0.5440642
      0.6812618       0.6671949       0.6539209
     -0.2420962      -0.0786162      -0.2057818
     -0.0284072       0.5838732       0.0399956
      0.0367015      -0.3896840      -0.4403565
     -0.3067710      -0.3170878      -0.7658354
      0.1487078      -0.2308085       0.3341684
     -0.0588368      -0.8567576      -0.1300979
      0.2463550       0.5987593      -0.1463472
      0.0084583       0.0233301       0.5014516
      0.0694161       0.4535674      -0.5591203
      0.2783201      -0.0985341       0.1312627
     -0.3359173       0.3372218       0.1168013
     -0.5009674       0.0617901      -0.3345770
      0.0098961      -0.0415965       0.5653634
     -0.0795965       0.1707564       0.0089591
      0.0307131      -0.2244968       0.3311137
     -0.0582207      -0.0076480       0.8826504
      0.6034022      -0.1402820      -0.1375485
      0.0294586       0.0055539       0.1211043
      0.0333351       0.2783753      -0.1226576
      0.0218549      -0.1885540      -0.1896186
     -0.2736791       0.1779124       0.3120586
     -0.4278642      -0.0352127       0.0754912
     -0.2059305       0.0549921      -0.2657667
     -0.0665906       0.0036727       0.0037037
     -0.0123802       0.0096473       0.0708190
      0.1691462       0.1603544      -0.3209727
      0.2646829       0.3753189       0.0160718
      0.1880906       0.5076222       0.0657481
     -0.1545380      -0.1220552      -0.2089163
     -0.0919681       0.3010760      -0.0563796
      0.2503441      -0.1145857       0.1613684
      0.1766837       0.3554962      -0.0192354
     -0.1370041       0.1306688       0.0546006
      0.0588047      -0.2622996      -0.0655610
      0.1222054       0.1405084      -0.2024669
      0.0253144       0.1677499       0.0340773
     -0.0019779      -0.1184181      -0.1729054
     -0.0107427      -0.0167022       0.0052459
      0.0018339       0.2049826       0.3709163
     -0.2814874       0.2171991      -0.1291511
     -0.1133856       0.0464305       0.0606280
      0.1795639       0.3258690       0.0794036
      0.5209666       0.1276430      -0.1734831
      0.0360905      -0.1578516       0.4436204
      0.3299739      -0.1057821       0.0961798
      0.0230376       0.0687197       0.1132636
     -0.2312601      -0.4201790       0.0888473
     -0.0933531      -0.1208596      -0.2345312
     -0.1923537       0.4010760       0.4061851
     -0.1737171       0.3409467       0.1162822
      0.7739842       0.0239651       0.0122493
      0.0995354       0.0299590       0.0397815
     -0.5544182      -0.1812445       0.1471332
     -0.2905920      -0.0363804      -0.0227380
     -0.1989279      -0.2093896       0.1632355
     -0.3623213       0.0259888      -0.1437538
     -0.0083749      -0.1362286       0.1134795
      0.1460748      -0.1807801      -0.3547677
      0.1983946      -0.1141260       0.1911275
     -0.0845844       0.1932952       0.1874153
      0.3221342      -0.2205053      -0.4522099
      0.0334107       0.0854185       0.2074433
     -0.1396552      -0.5183585       0.1888638
     -0.3668932      -0.2021269      -0.4644021
      0.4958127      -0.1373831      -0.1443144
      0.1920273      -0.1017057      -0.4048589
      0.0475925       0.2246328       0.2094691
     -0.0046738       0.1335767       0.3415712
     -0.2207044      -0.0262785       0.4783409
     -0.3105209       0.1346942       0.2937435
     -0.0384542      -0.1589946       0.0409434
     -0.5415813      -0.0630989       0.0624185
     -0.1490796      -0.3898804      -0.0165761
     -0.0423172      -0.1359149       0.4097785
     -0.0126904       0.2967718      -0.2517217
      0.1634065       0.0240121      -0.2062193
     -0.0917302      -0.2007134       0.3981045
      0.1153651      -0.1214182      -0.0743527
     -0.2218527      -0.4036735       0.1185403
     -0.0065529       0.3050443      -0.5426535
     -0.1406033       0.3251734      -0.3145686
      0.2773917       0.2425827      -0.2395667
     -0.3159682      -0.0113643      -0.0791070
     -0.0403107       0.1649595      -0.2724513
      0.0548009       0.2080031       0.0547370
     -0.1544544       0.0711414      -0.3624340
     -0.0879831      -0.1295960      -0.0173243
     -0.0310022       0.0169617       0.4602838
     -0.0706668      -0.3257562      -0.1647929
      0.1072208       0.0866609       0.3393794
     -0.5043480      -0.4983864       0.3934192
     -0.3670257      -0.7901943      -0.3277803
      0.1394981       0.4543483       0.5401203
     -0.0017207      -0.5680743       0.0734625
      0.4087434       0.3359216       0.0905220
      0.2085109       0.2504546       0.2076619
     -0.3167765      -0.0537470      -0.0572878
     -0.3222242       0.6821731       0.1524785
     -0.1449104      -0.6425738      -0.3159201
     -0.1133476      -0.4341748      -0.3709412
      0.4058166       0.2119548       0.3464952
      0.2852809      -0.4771034      -0.2646239
      0.1672411      -0.1030889       0.2144309
     -0.0884843      -0.2211999       0.0552701
     -0.0043071       0.1060681      -0.3635908
      0.0412103      -0.4555965      -0.2323261
     -0.3403429       0.1168243       0.1746346
      0.1342123       0.1303771      -0.4932000
     -0.1928030      -0.0590850       0.3164008
     -0.2405859      -0.0106833       0.0993801
      0.5049641      -0.0436558      -0.2644059
     -0.2015671      -0.1607178       0.1500955
      0.1648780       0.0522478      -0.4126361
     -0.1166651      -0.2199141       0.0650571
     -0.0001000       0.6142905       0.1704156
      0.0824157       0.0565737      -0.5976058
      0.0181512       0.0578517       0.0877495
     -0.0319864       0.4864994      -0.5238363
      0.4272415      -0.1249783      -0.3248788
     -0.0428207       0.1441760      -0.3607417
      0.5071583       0.4397885       0.0768250
      0.1182087      -0.1504571       0.1557426
     -0.0399120       0.5082896       0.0672665
     -0.1312604       0.1754477       0.3886127
     -0.0816254       0.2911672      -0.2827451
     -0.2598523       0.6692085       0.0676509
     -0.0246141      -0.4253587       0.1963070
     -0.0705596       0.2018451       0.0619766
      0.0103016       0.2051788       0.7251996
     -0.1383608      -0.4893342       0.3864604
     -0.0746403       0.7476719       0.1459055
      0.0272935       0.5299224       0.0197829
     -0.0017620       0.2751178      -0.6971380
      0.0575288       0.5135033      -0.3853777
     -0.1979065      -0.2632730      -0.3196910
      0.3839853       0.1582115      -0.7598860
      0.0506571      -0.0453722       0.2812471
     -0.0856428       0.3982867      -0.0657025
      0.4436212      -0.3893652       0.1495868
     -0.3295610      -0.0576527       0.8713280
      0.3348655       0.0617825      -0.6425933
      0.0564743      -0.0801019      -0.2776939
      0.1462149       0.7484094      -0.4291387
     -0.0013700       0.0143285      -0.3290347
     -0.2659272      -0.1807117       0.4766483
     -0.3542786      -0.5555384       0.4511861
     -0.0416470      -0.2134955       0.1209738
     -0.0076891      -0.2408564       0.6496608
      0.0784946      -0.2981130      -0.1148051
      0.4352784      -0.7272266      -0.1479968
     -0.0377143       0.1458118       0.4079529
      0.0244310       0.0153187      -0.1420701
      0.2361313       0.0594069       0.3775863
     -0.2483208      -0.1854779       0.0013417
      0.0846181      -0.0584608       0.1903166
      0.2173899       0.3973620       0.1432735
     -0.0355381      -0.0350572      -0.0682326
     -0.1850798       0.1590322      -0.0399968
     -0.0693771       0.1064886      -0.4616066
     -0.0794369      -0.2101702       0.1359429
      0.2951302      -0.1276395       0.2426708
     -0.1542393      -0.1770730      -0.4776209
      0.2655900       0.2329974       0.2404312
      0.1080024       0.5034102       0.1600916
     -0.3378720      -0.0945084      -0.1445227
     -0.1211630      -0.1389929       0.1491098
      0.0988087       0.0127304      -0.1602479
      0.0939850      -0.2179294       0.0897274
      0.3129771       0.1185442       0.1278581
      0.0607925       0.0285939       0.2395318
      0.0757260      -0.0593952      -0.3866420
     -0.0681312       0.1575350      -0.0148334
     -0.3588961       0.3117219      -0.2175247
      0.1493292       0.0691686      -0.5146443
     -0.1017994      -0.3352619      -0.1260431
      0.2822674      -0.0224665      -0.2558643
      0.1552841      -0.2758370       0.2813898
      0.0636104       0.0296911      -0.2710693
     -0.3005538      -0.2271825       0.2123332
     -0.0362931       0.0607676       0.0183724
      0.2429841      -0.0815917      -0.3108546
      0.0156889      -0.1961324      -0.0555341
      0.0347334      -0.0314671      -0.2930391
      0.2166524      -0.2883873      -0.0162287
      0.1822742       0.0229205      -0.0601127
      0.0782210       0.2636688      -0.0855356
     -0.2123901      -0.3474712      -0.3486849
      0.0450646      -0.2248831      -0.4913154
     -0.2235946      -0.2493710       0.1557139
      0.0768417      -0.4689266       0.2426209
      0.1678062       0.4688319       0.1495523
      0.1569629       0.1580872      -0.1059689
      0.0684742       0.1313934      -0.1531203
     -0.3031769       0.0299594      -0.1098460
      0.1779776      -0.3681492      -0.4449341
     -0.0679146      -0.3616142      -0.1103242
     -0.1252573      -0.0291305       0.4875932
     -0.1603215      -0.2591904       0.0337932
      0.2351226       0.1566794      -0.0501930
      0.1086565      -0.1949993       0.4178342
     -0.1625675       0.4265182       0.0185220
     -0.0533427      -0.3370143      -0.1470430
     -0.1255714       0.1810545       0.2061542
     -0.0440874       0.0937179       0.0384727
     -0.1716694      -0.0780829      -0.2525248
      0.2215384       0.0142009       0.0566364
      0.0647705      -0.2329099       0.1555062
     -0.0264097      -0.0225388       0.1813364
      0.0498052      -0.0447885       0.2037659
     -0.0758630       0.1989345       0.0820348
      0.3814217      -0.0713825      -0.2465483
      0.2374617       0.0866755       0.0591462
     -0.0731141       0.2757585       0.0057213
     -0.1982895       0.3329888       0.1067335
     -0.0788005       0.0158232      -0.1307107
