-6.27192701E-02 -3.75529841E-03  4.16345771E-02
-7.59914520E-03 -4.44347396E-02  1.17317770E-03
 3.78880601E-02 -5.17090783E-03 -3.47531265E-02
-1.40723908E-02  4.53059983E-03  2.33181105E-03
-1.30461812E-02 -1.59006823E-02 -4.89700919E-02
 1.79482904E-02 -7.32323551E-02  1.19464428E-02
 5.10981266E-03  3.05504844E-03  1.33993062E-05
 3.46184478E-02  1.89701980E-02 -8.47489026E-03
-3.03116853E-02 -2.17645875E-02  8.39498756E-02
-3.12484812E-02 -1.12533430E-02  2.90916593E-03
-2.93689235E-02  8.63776237E-03  1.94789804E-03
-5.54983910E-02  4.28694015E-02 -9.60074547E-03
 2.58303161E-02 -2.90047071E-02  4.61139048E-02
 3.77468760E-02  5.12474983E-03  4.32762366E-02
-1.06067152E-03  3.73129440E-02  3.87739308E-03
 2.24378242E-02 -1.81065781E-02 -7.14337241E-02
-8.61360931E-03  1.76785793E-02 -2.16801619E-02
-1.78250748E-02 -1.27744966E-02  5.75225621E-02
 9.79847016E-02 -4.42228290E-03 -3.81903642E-03
 5.14000526E-02  2.81632913E-03 -4.89506648E-02
-6.02184495E-02 -4.62199499E-02 -7.21441316E-02
-2.78430280E-03  1.70758758E-03 -6.09157992E-02
 3.13924253E-02  1.05479618E-02 -2.04875365E-02
-4.91378592E-02 -6.33222871E-02 -2.58468915E-02
-4.64210033E-02  1.28944257E-04  2.95800908E-02
-3.31890447E-02  2.94401991E-02 -3.79380679E-03
-5.15270405E-02  6.67308994E-02 -5.76713301E-02
-4.54002189E-02  5.07866066E-03  3.69807485E-02
 7.54143211E-02  5.44390570E-02  5.47164060E-02
 2.33791520E-02  4.15275802E-02  1.17607696E-02
 6.76787325E-03  3.87256465E-02 -3.51594066E-02
 4.87532807E-02 -3.59260872E-03  4.61857825E-02
-8.06349100E-03 -7.22977625E-02  1.03842558E-02
 3.25135763E-02 -9.29332491E-03 -4.08190891E-02
 4.35592618E-02 -3.60453881E-02  4.12087035E-02
 3.58478597E-02 -1.70362209E-02  2.79556181E-02
-1.03441248E-02 -7.19114214E-02 -3.51450151E-02
-1.28371476E-02 -2.82994472E-02 -8.82152656E-02
 1.97959011E-02  1.02870820E-02  5.25110761E-02
-1.42577549E-02  3.18789219E-03  1.91072524E-02
 2.51538691E-02  2.65915185E-03  2.36193260E-02
 1.05602526E-02  5.71620904E-02  1.60010843E-03
-3.25075843E-02  2.18966056E-02  3.65611484E-02
-4.35829730E-02  1.97425563E-02 -4.68838501E-03
 7.88854936E-03  4.68803722E-02 -7.48530574E-03
 2.46067110E-02  5.54353515E-02  8.26881958E-03
-6.07645396E-02 -7.58881617E-04 -2.96404497E-02
-1.40875069E-02  1.33566456E-02  1.03058257E-02
-4.49236449E-03 -9.19812882E-03 -3.70884676E-02
-4.69506335E-02 -5.60606060E-02 -2.39207736E-02
 4.19168458E-02 -1.31813881E-03 -1.41653918E-02
 4.65582312E-03 -4.35756240E-02  2.18530262E-02
 4.94095635E-02 -2.52416583E-02 -3.05387112E-03
 1.84064921E-02  5.61347427E-03  4.80987796E-02
-3.80895845E-02  7.62634480E-04 -2.32040906E-02
-3.12022723E-02 -6.19444774E-02  4.18027823E-03
-1.45742980E-02  2.90850493E-02  2.81059443E-02
 2.67732530E-02  5.57466820E-02  4.53705185E-02
-2.85487554E-02  3.87441421E-03 -5.73461370E-03
 6.35883251E-03  1.66380288E-02 -1.98340595E-02
-3.81938129E-02  2.87931236E-02 -3.48508441E-02
 3.65706043E-04 -6.44388113E-02 -1.83967951E-03
 3.65091750E-02  3.99187460E-02  4.80555223E-03
 5.75454803E-02  5.00126677E-02  3.35301722E-02
-4.59744771E-02  4.79942334E-03 -8.32765036E-03
-5.26498842E-02 -5.29746537E-02 -7.52576047E-02
-1.04968931E-02  3.65231966E-03 -1.04997810E-01
-3.43395465E-03 -1.39415700E-02 -7.15359600E-03
-8.11350493E-02 -1.12442431E-02 -4.84497308E-02
-2.31896890E-02 -1.01016920E-01  5.97977049E-02
-2.79645116E-02 -5.93626224E-02 -4.64214016E-02
 3.93236516E-02  1.06036309E-03  2.45378406E-02
 3.25499062E-02  5.28017287E-02  4.04245436E-02
 1.61385696E-02  8.17456149E-02  5.75074911E-02
 2.18071062E-02 -4.32638104E-02 -4.64510437E-03
-4.56239241E-03  2.16102588E-02 -3.86814118E-02
-8.45205765E-03  8.35189116E-02  4.20829224E-02
-3.07202457E-02  1.07524562E-01  1.64710499E-03
 8.79326670E-02  7.11097449E-02  8.00518276E-02
 2.94992998E-02 -5.36157023E-02 -5.54038911E-02
 1.39844897E-02 -9.93617619E-03  4.22022634E-02
 4.09747261E-02  2.22374837E-02 -1.72313764E-02
 5.02497558E-02 -6.93419337E-02  4.67691663E-02
-2.03818383E-02  4.11419909E-02 -2.85342480E-02
 9.98264729E-03  1.44393613E-02  2.90763048E-02
 3.76415306E-02 -6.95854327E-02  2.43607820E-02
-4.26139602E-02  4.06489905E-02 -3.12321684E-02
-1.39293456E-02 -2.12675834E-02  1.01356077E-02
 4.10568294E-02  9.63070499E-03 -1.49517402E-02
-2.87933013E-02 -3.07290579E-02  5.21852370E-02
-4.83434593E-02 -7.96295917E-02  2.13188357E-02
-1.17102979E-02 -5.77513405E-03  7.42100362E-02
-2.85658966E-03  3.62526035E-02 -7.26226802E-03
 1.29563863E-02 -6.18715554E-02  4.16099779E-03
-1.17773990E-01  6.53366426E-02 -5.59986789E-02
 3.54790612E-03  4.28958928E-03  2.00701266E-02
-3.81403199E-02 -7.01073748E-03 -5.38980986E-02
-7.17129330E-02 -3.02874798E-02  2.32589044E-02
 3.06646451E-02 -6.64884991E-02 -3.45018282E-02
-3.00413807E-02  6.66128998E-02 -1.18900055E-02
 1.52318309E-02  1.21921142E-01 -2.87470889E-02
 4.92926822E-02  3.21548381E-02  4.36596234E-04
-3.89042329E-04 -7.47686800E-02  1.25416329E-01
 3.23025770E-02  5.94896636E-02 -1.66095219E-02
-7.39667274E-02  4.28629653E-02  6.32663808E-02
 4.28541512E-02  3.81601542E-02  1.94990632E-02
 1.17529414E-02 -3.46421676E-03 -4.82774161E-02
 6.48905341E-02 -3.98589996E-02 -3.54593778E-02
 5.06253140E-03 -3.10992927E-02 -6.22424309E-02
 1.02903860E-02 -5.91581106E-02 -5.27684119E-02
 2.02863599E-02  6.46242772E-03 -1.18444624E-02
-1.62361235E-02 -9.92288528E-02 -1.24972091E-02
 5.51210903E-02 -6.49664059E-02 -8.52751592E-03
 3.91547522E-02  4.15461338E-03  3.76922885E-02
 3.91516729E-02  9.08927154E-02 -2.60096722E-02
-1.92428417E-02 -1.07140279E-02 -2.15918652E-02
 8.71496814E-03  4.40961130E-03  8.12858041E-02
-1.64349233E-02  5.34182512E-03 -2.43647807E-02
-6.04872229E-02 -8.24217005E-02 -1.24148831E-01
-3.89279410E-02  2.07260800E-02  7.44601720E-02
-4.27175332E-02 -3.25139236E-02  2.93814457E-02
 6.24602615E-02 -3.00785570E-02  1.43453748E-03
 1.24053734E-02 -3.44235517E-02  2.32950088E-02
-8.82697531E-03  5.65834341E-02 -1.02535275E-02
-7.43622498E-02  2.54201735E-02 -1.04052243E-01
 4.37850625E-02 -8.09765610E-03  3.38937752E-02
 1.02411092E-01  6.92286190E-02  1.03136647E-01
-1.70102320E-02  5.19152233E-02 -1.47627774E-02
 5.48866963E-02 -4.83676536E-02  3.63330102E-02
-3.66708819E-02  1.56930185E-02 -1.22299794E-03
-2.67384694E-02 -1.38969965E-02  3.50971687E-02
-3.24903676E-03  7.59016812E-03 -5.84587042E-02
-9.86892813E-02  5.48989642E-02  8.11051521E-02
-2.99378618E-02  3.42656051E-02  6.21682137E-02
-6.26577938E-02  5.67332282E-02 -3.22142705E-02
-1.20969128E-02  1.06294719E-02  2.06653703E-02
 3.86704441E-02 -1.45276950E-02 -2.39122348E-02
-8.13001866E-02 -1.51564885E-02  5.09134141E-02
 6.41999995E-02 -2.54091619E-02 -3.56397090E-02
 1.88165434E-02 -3.19740126E-02 -7.20163860E-02
 1.22394248E-02 -4.62886084E-02 -4.72137638E-02
-2.78855615E-02  9.54873512E-03 -7.21757087E-04
 5.87225046E-02 -2.40381909E-02 -2.41160388E-02
 1.10420295E-02  3.25578911E-03  2.62570197E-02
-3.63437577E-02 -1.37359154E-02 -2.11390117E-02
 1.78526420E-02 -1.82483740E-02  8.54159217E-02
 9.37402257E-04 -1.08763656E-01 -2.83380800E-03
 4.50521442E-02  5.90259797E-02 -8.64089943E-02
-4.17792477E-03  2.13484522E-02  7.55928476E-02
 5.35487007E-02 -3.03621761E-02 -2.28716951E-02
 2.07094242E-02  1.50183252E-02 -1.46116294E-02
 2.85287659E-02  1.72965321E-03 -2.70036961E-02
-2.15103877E-02  2.18660918E-02 -3.07812958E-03
-7.74447604E-02  8.19265076E-02 -8.33832099E-02
 8.85403532E-02  1.53571778E-02 -2.63796406E-03
-2.82068920E-02 -3.86209051E-02  9.31039587E-02
-1.54282189E-02 -1.30789574E-02 -3.89871506E-03
 1.72701379E-02  2.68859310E-02  3.66276117E-02
-3.78137765E-02  2.91915242E-02 -2.16440887E-02
 3.02989752E-02 -4.42211601E-02 -3.39406734E-02
 6.50153677E-02 -9.53333881E-02  1.57856165E-02
-2.89211010E-02  5.34557048E-02  8.98247482E-02
-1.90194469E-02 -2.58408069E-02 -1.25413893E-02
-4.85691247E-02  1.97119321E-02  2.66955439E-04
-6.79579240E-02 -5.82734242E-02 -2.29326915E-02
 2.14149318E-02  5.69391110E-02 -3.68438823E-02
 1.79942201E-02 -3.05694187E-02 -2.06145081E-02
 1.31998635E-02  5.59473329E-02  9.21006494E-03
 2.83875965E-02  7.32781704E-02  2.89468852E-02
-1.77121050E-02 -4.31575918E-02 -3.00329808E-02
 3.63135182E-02  2.11164774E-02  3.19911589E-02
-1.06034154E-02 -2.91422951E-02  1.62489413E-02
-1.19387282E-02  4.06213152E-02  7.36008090E-02
-1.60164715E-02  2.95171774E-02 -4.65162002E-02
 5.80323055E-02 -7.99525978E-02 -1.50451001E-02
-6.17450677E-02  2.28493608E-02 -5.02404403E-03
-6.03965863E-03 -3.47173761E-02 -8.94448809E-02
-5.19141965E-03  2.17501949E-02  2.66499238E-02
-5.55331480E-02 -8.86021123E-03  4.16559271E-03
-1.35955986E-02 -1.69907489E-02 -4.57310380E-02
 1.90311683E-02 -9.01826521E-02 -2.58396409E-02
 3.57468980E-02 -4.32921780E-02 -3.83053888E-02
 5.04123440E-02  4.22156537E-02  6.28290907E-03
-1.72475644E-02  3.69806590E-02  3.96252926E-02
 4.98000169E-02  5.33737023E-02  4.48933918E-02
-6.57598131E-02  1.52383977E-02 -7.48561631E-02
 1.09418464E-02  8.82372129E-02  1.47257629E-02
 5.21740324E-02  1.87645567E-02  7.95211064E-02
 2.05223329E-02  7.26642927E-03 -1.09399558E-02
 1.32706479E-02 -7.62776209E-03 -4.02290377E-03
 1.35571373E-04 -2.23698942E-02  4.58564908E-02
-7.70655979E-03 -4.92277136E-02 -3.32170937E-02
 3.56706424E-02 -2.24804044E-02  6.16207145E-03
 1.45011989E-01 -5.29861955E-03  9.90488806E-04
-1.51150534E-01  8.28937597E-02  5.97306340E-02
-9.01773458E-02  8.21480619E-03 -5.34860420E-02
 6.09617445E-03  2.79954835E-02  5.55229003E-02
 7.51148361E-05 -1.12891506E-02  5.78430148E-02
-1.08109596E-01  6.92469111E-02  7.30486826E-02
-6.95112894E-02 -4.25918872E-02 -1.05454216E-01
 2.47350497E-02 -5.30947119E-02 -1.49920132E-01
-1.76255188E-02 -7.24948495E-02 -1.48957028E-02
 1.39196179E-02 -1.19270783E-03  7.78929547E-03
 2.24939682E-02 -4.94162533E-02  7.72231590E-02
 3.52576792E-02 -4.13800591E-02 -1.20083184E-01
-1.73844177E-02 -7.46381228E-02 -1.28035075E-03
-1.41018128E-02  3.95647890E-02  2.75942632E-04
 1.20244454E-01  9.81742012E-02  8.06385928E-02
 7.64037326E-02 -9.41073420E-02  6.70657346E-02
-1.38049201E-02  2.82295375E-02  3.31957842E-02
-4.80655491E-02  3.14953834E-02 -3.04999695E-02
 9.15455997E-02 -1.00585882E-02  3.91062201E-02
 2.75182857E-02 -5.09035172E-02  2.47650392E-02
 3.32572403E-02  7.10186066E-02 -9.99546688E-02
-4.83310892E-02  3.63207894E-04  3.08878314E-02
 4.53355774E-02  8.60221187E-03 -5.75602140E-02
-4.85518003E-02  3.39879640E-02 -2.09589015E-03
 4.56234850E-02 -1.37200351E-02 -2.08013403E-02
 1.16501073E-02  7.70914809E-02  1.01823312E-02
-2.56721540E-02 -6.88239763E-02  1.67001072E-03
 1.42735982E-02  6.35329788E-02 -3.97208862E-03
 2.31911222E-03  2.44829393E-02 -6.99905767E-02
 3.40312170E-02 -3.94167681E-02  2.13271761E-02
 2.69022816E-02 -1.03750014E-03  2.37329371E-02
-4.07357116E-02  2.49810422E-02 -3.19232305E-02
-5.22520414E-02  7.04113225E-02  7.21920830E-02
 2.35853402E-02  3.78921965E-03 -2.87666229E-02
-5.31693285E-02  1.14548904E-02  1.64460707E-02
 3.45324477E-02 -6.47690408E-02  8.77165843E-02
-2.77019951E-02  8.46678367E-02  3.74385352E-02
-2.40066671E-02 -2.90582152E-02  6.22167427E-03
-1.11246868E-01  1.05473508E-02  1.55924955E-02
-7.20988681E-02 -6.42971651E-02  1.11574066E-01
-2.21923899E-02  1.27637728E-02 -6.85327815E-02
 5.88228323E-02 -5.06221578E-02 -3.74476476E-02
 2.34724061E-03 -3.04820600E-02  1.22737097E-02
 2.41585264E-02  1.64404008E-02  8.35683433E-03
-1.82469291E-02 -9.36088350E-02 -1.64955549E-02
 6.41009595E-02 -7.85754964E-02 -5.83662124E-02
 4.16403921E-02  6.05460474E-02  2.46266188E-03
-5.08674358E-03  2.01440116E-02 -1.05632677E-02
 3.51659151E-02 -9.28570021E-02  1.28159244E-02
 5.47858626E-03  6.13137035E-02 -8.04953352E-02
-4.72776888E-03  3.93270871E-02 -5.00080265E-04
-7.67634824E-03  6.67445071E-03 -5.13517065E-02
 4.84364677E-03  7.30221935E-03  2.54969728E-02
-2.79290552E-02  2.30160204E-02  2.14267046E-02
 3.41160051E-02  5.30423803E-02 -4.34690091E-02
-2.09639662E-02  8.88924344E-02 -4.85202391E-02
-1.83352636E-02  1.62614523E-02 -4.32321862E-02
 4.41311136E-02  9.86221533E-03  6.00221198E-02
 5.74445450E-02 -2.55467577E-02 -1.92129701E-02
 5.25201348E-03 -1.81507840E-02 -2.77818577E-02
-2.01016026E-02 -3.18210887E-02  3.03076804E-02
-7.40498536E-03 -1.57570816E-02  3.57348779E-02
-6.16219307E-02 -3.88419413E-02  6.94162372E-02
 3.91202627E-02 -4.40636133E-02  2.66617417E-02
 1.35884313E-02 -9.62171079E-03 -3.35923264E-03
-2.96115450E-03 -6.09907149E-02  2.07803567E-02
-1.52475490E-02  1.69692438E-02  4.42101742E-02
-2.23217756E-03  9.81023492E-03 -2.76969241E-02
-1.25800393E-02 -3.09652273E-02  5.65778735E-02
 3.72495451E-02  4.92176841E-02  3.07861497E-03
 7.52803514E-02  1.79625310E-02  1.77383891E-03
-6.39762352E-02 -8.90323051E-03 -2.91469624E-03
 6.02838623E-02  3.52008666E-02  7.62844235E-03
-5.03330232E-04  3.25350153E-02 -8.35491181E-03
-5.55249375E-02  4.65390954E-03 -1.16484116E-02
-1.36079859E-02 -4.40260100E-02  1.57706918E-02
-2.24823895E-02  4.10131493E-02 -5.19415813E-02
-7.46417329E-02 -2.02662650E-02  1.22497612E-02
-4.96717456E-02 -2.76149656E-02  3.48349626E-02
-5.04606571E-03  5.65060887E-02  2.72375163E-02
-8.96896805E-03  8.68760101E-02 -4.81024515E-03
 8.96410247E-02  4.53161803E-02 -3.58574949E-02
 1.13158326E-02 -1.05714894E-02 -1.02084332E-02
 1.61507885E-02  6.52726798E-04 -3.90596914E-03
 2.60908428E-02 -4.67229414E-02 -1.84062113E-03
 3.25561409E-02  2.71542135E-02 -5.83186067E-02
-1.81065085E-02 -4.72962680E-02  4.37142684E-02
 3.64387811E-02  1.33426971E-02  4.74244998E-02
 1.25748862E-02 -2.89080684E-02 -1.04219673E-02
-3.47313141E-02 -3.78917473E-02  6.06905690E-03
-1.15458015E-02 -2.86159471E-02  1.55504602E-02
 7.23698938E-03  8.49977102E-03  2.95392648E-04
-1.69208186E-02  2.19703891E-02  4.27307637E-02
 5.30622410E-02 -6.34744183E-02 -3.05435006E-02
-8.37470253E-03  1.04383933E-02 -2.30619026E-02
-5.24491007E-02  4.85779221E-02  2.53794987E-02
-5.27024437E-02  2.25005529E-02 -1.34098659E-02
-3.09036269E-02  9.65261192E-03  1.18795633E-02
-3.33338417E-02  1.52621614E-02  4.28202094E-03
-1.96181837E-02  3.79982405E-03 -1.61583709E-03
 3.30208200E-02  1.56436930E-02 -4.09360338E-03
-4.94457737E-02 -6.99925334E-02 -6.62035993E-02
-6.57004884E-03 -4.61401091E-02 -1.38624771E-02
-1.26532328E-02 -1.97453894E-02 -4.86067658E-02
 1.17183594E-02 -2.65379197E-02  8.99864982E-02
-9.69783313E-02  8.30838470E-02 -8.50809084E-02
-2.28297365E-02  1.73411717E-02 -5.26029615E-02
-1.35199097E-02  8.28216242E-02 -1.44312839E-02
 1.77858667E-04 -3.65904619E-02 -3.41266927E-02
 5.53408574E-02  2.19954550E-02  1.60459390E-02
 5.05992917E-02 -5.34280470E-02  2.92864601E-02
 4.66206833E-02 -2.51555000E-02  2.34060459E-02
-7.06621172E-04  3.82297123E-02 -6.45420752E-02
 1.30182862E-02  2.56302156E-02  1.15499271E-01
 1.10941438E-01 -4.95534858E-02  8.76734106E-02
-2.70819169E-02  4.94375562E-02  5.08991428E-02
-7.73829173E-02  6.37792859E-03 -1.93866185E-02
-5.80360160E-03 -7.66237218E-02 -1.79032592E-02
-6.20447076E-03  1.91229496E-02  4.24950972E-02
-1.31163651E-02  4.68897387E-03 -5.46897222E-02
 7.75042142E-02 -4.78828999E-03 -5.05505885E-02
 3.40173576E-02 -4.34211872E-02 -8.12104115E-02
 4.27111710E-02 -2.20731170E-02 -7.69944692E-02
-3.62687751E-02 -3.32074729E-02 -5.47862515E-03
 2.48816872E-02  5.08484898E-02  8.60927518E-02
 2.43404759E-02  2.87040128E-02  1.32979957E-03
-6.07901271E-02 -4.64795529E-03 -1.16965353E-03
-2.06484239E-02  1.07297732E-02 -4.23054934E-02
-4.11025024E-02  5.33125853E-02 -2.36006635E-02
-5.75180815E-02  1.25998172E-02  5.58364731E-02
 1.24921060E-01  1.02499887E-01 -8.19659036E-02
-4.50667528E-02 -2.81480173E-02 -7.26126184E-03
-7.79705790E-03  5.00009159E-02  4.67905311E-02
 6.36680566E-02  5.84132101E-02 -1.05779641E-01
-4.48110789E-02  5.14034722E-02  3.25079091E-02
 4.62426118E-03  3.49612275E-02 -4.95498317E-02
 4.06390095E-03 -7.26666341E-03  7.96337327E-03
 2.12919962E-02  1.00708129E-02 -4.00308208E-02
 5.06677705E-02 -3.61310965E-02 -3.79592261E-03
 1.50313850E-02  2.22378509E-02  9.71158427E-03
 1.46767855E-02  1.26561408E-02 -6.35840923E-02
 8.07720534E-02 -2.93312580E-02  6.26227201E-03
-4.63747730E-02  3.75335952E-02  2.00838052E-02
 5.04952625E-02 -2.49366916E-02  3.12866777E-02
-2.53947677E-03 -4.17819446E-02 -6.63909430E-03
-5.47998313E-02 -5.76566263E-02  6.90582415E-03
 3.21613061E-02 -6.99969813E-02  5.80360658E-02
-1.32344320E-01 -1.10348226E-01 -1.13777415E-01
-6.25760048E-02  6.45260311E-02  1.18276792E-01
-5.17467703E-02 -6.27872215E-03 -2.76864127E-02
-1.75880944E-02  1.25241454E-02  8.36747956E-03
-5.19158573E-02  1.42683709E-02  2.31448775E-03
-7.49474099E-03  7.48830892E-02 -6.51274659E-02
 1.92290760E-02 -4.48873811E-02  1.89209826E-02
 3.34517338E-02 -4.35579032E-02 -7.34683973E-02
 9.66914191E-02  5.83595495E-02  9.73016077E-02
-1.66181805E-02 -6.60634964E-02  5.02902462E-02
-4.57314915E-02  7.42089106E-02  3.00417246E-02
-1.46183067E-02  1.09304665E-02 -3.40355031E-02
 1.09497434E-02 -3.12586908E-02 -5.13234085E-02
-4.08059496E-03 -3.15378605E-02 -6.74101105E-02
-1.00605776E-02  3.14864250E-02 -1.33343874E-02
-3.12296310E-02 -2.74247915E-02  8.70017157E-02
 3.30863218E-02  5.73961619E-02 -1.72735353E-02
-2.34171622E-02 -2.34911530E-03 -5.22086289E-02
 6.50528594E-02 -1.09268676E-02  3.58069819E-02
 2.90097808E-02 -2.41737650E-02 -6.05475934E-02
 9.30964448E-02  5.47940019E-02  3.60782542E-02
 5.85454825E-02 -1.83206959E-02 -4.43123463E-02
-9.58689858E-02 -6.64308589E-02  1.17059655E-01
-2.08855124E-02 -1.43820163E-02 -2.56606543E-02
 3.72190995E-02 -4.05097748E-02 -1.03617106E-02
 6.74294602E-02  6.86312734E-02  7.36371440E-02
-2.19691406E-02  3.49918182E-02  1.87693162E-03
 2.60167302E-02  3.59644466E-02  3.18087193E-02
 1.18379399E-02  6.02418663E-02  1.37155129E-05
-3.94692922E-02  7.03305086E-04  1.48577035E-03
-2.83664278E-02 -4.33199139E-02 -1.31414982E-02
-2.85907863E-02 -1.04398820E-01 -5.14839182E-02
-1.35811799E-02  1.20270649E-01 -4.47309704E-02
 1.54032604E-02  9.07224239E-03 -8.76119856E-02
-2.77472632E-02 -1.29057022E-02  3.40682373E-02
-2.12060728E-02  3.36533652E-02  3.37039077E-02
 8.33920026E-03 -2.79625669E-02 -1.07687332E-02
-3.09469752E-02 -1.18294759E-01  1.42130474E-01
 7.56804182E-02 -1.26867627E-02 -6.10557621E-02
 3.12616553E-02  5.38447339E-02  7.43043381E-02
-4.68057949E-02 -8.88498441E-02  6.50959382E-02
-2.62752337E-02 -2.89775079E-02  1.93302015E-02
 1.72819305E-02 -1.00000573E-02 -1.30294654E-02
-1.64017528E-04 -4.60747617E-02  8.56280816E-03
 4.91471696E-02 -4.88807933E-02  1.57329546E-02
 6.37829271E-02 -1.03536654E-02  1.79277665E-02
 5.31829670E-04  2.83461217E-02  2.86917834E-02
-5.01621961E-02  8.57065507E-02 -4.35810306E-03
 7.06007801E-02 -1.51760844E-03  2.07715539E-03
 2.12761315E-02  3.01576374E-04  6.47468915E-02
-8.72785754E-03 -7.21275441E-02  1.77011743E-02
-6.11125264E-02 -1.02820997E-01 -1.19986179E-01
 2.20876979E-02 -4.77724387E-02 -6.45563648E-02
 2.52550424E-02 -3.66424342E-02 -9.73550198E-02
-2.91000576E-02 -7.00509815E-02  5.52240364E-04
-3.73978853E-02  2.37133852E-02  4.53214535E-02
 4.24108742E-02 -7.71872382E-03 -9.85041845E-03
-4.23591256E-02  2.95506295E-03  2.93696006E-02
-2.03132409E-02  9.50325328E-02 -4.13397826E-02
 1.07235001E-01  1.06215988E-01  8.51433298E-02
-4.89534543E-02 -1.31660076E-02  2.65641536E-02
-3.10813149E-02  2.20745385E-02  1.04894460E-01
-2.88311824E-02  8.18822064E-02  5.51790646E-02
-4.68467470E-02 -1.34702174E-03 -1.28805511E-02
 7.11596169E-02  4.55580259E-02 -2.72369520E-02
-2.90566187E-02 -7.84181301E-03 -3.67720808E-02
-1.16773105E-01 -5.72052559E-03  4.50441185E-03
 1.01100528E-01 -3.04671264E-02  6.46254759E-02
 7.47088948E-02 -2.28558809E-02 -5.38470477E-03
 2.53282892E-02 -1.79901238E-02 -8.20216186E-02
-3.06409821E-02 -1.88560735E-02  2.78645285E-03
-2.93770854E-03  4.35514091E-02 -2.16513809E-02
-7.07549062E-02  3.86388410E-03 -2.09950284E-02
 1.48303273E-02 -5.71576783E-02  2.43664574E-02
 2.08679118E-02 -1.15490266E-03  5.14103603E-02
 3.64429276E-02 -1.02618465E-01 -5.94249559E-02
-7.99785730E-03 -3.78269303E-02 -8.27227716E-02
-2.70804510E-02  8.93763706E-02  4.59127476E-02
 1.15297003E-02  1.08315673E-02  3.56928410E-03
 4.03316528E-02 -7.94722620E-02  5.44384530E-02
-4.63723705E-02 -4.65156891E-02 -4.59725320E-02
 7.54239648E-02 -2.42665827E-03  4.70833781E-02
-4.39614241E-02 -5.54797943E-03 -1.63393834E-02
-1.82678135E-02  3.66813295E-02 -9.03402238E-02
 4.49307197E-02  7.70710076E-02  4.77659800E-02
-9.46908899E-02  3.26369871E-02 -2.14805970E-02
 3.32154034E-02  1.50066365E-02 -1.00973654E-02
-3.85353266E-02  3.63377657E-02 -3.47740075E-02
 5.40512702E-02  6.79319235E-02  1.22199223E-02
 3.09591751E-02 -5.83276919E-02 -5.20298889E-02
 7.18279167E-02 -2.76996592E-02 -3.61161165E-02
 3.79638712E-02  5.64526268E-02  5.26022490E-02
 3.48401771E-02  7.26510299E-04  2.39799984E-02
 2.55856488E-02 -4.09037025E-02 -1.26473314E-02
 6.92829381E-02 -3.73149964E-02  5.02040999E-02
-2.21064676E-02 -6.30600888E-03 -3.56419384E-02
-3.07773072E-02 -6.98890883E-02 -3.16158336E-02
-5.98872046E-02  9.41803449E-02  4.52691631E-02
-7.47113867E-02 -2.65036302E-03  4.50986951E-02
-9.19655331E-02  2.47548043E-02  7.66839135E-02
-4.84380296E-02  4.26706864E-02 -6.31283564E-02
-7.84597336E-02 -3.08609270E-03  5.08960048E-02
-7.25938770E-02 -4.47956108E-02  3.04811215E-02
 6.92357890E-02 -2.28773507E-02 -1.96358236E-02
 7.36263727E-02  1.40196695E-02 -3.60272457E-02
 3.81420099E-02 -5.83421145E-02 -9.01178476E-02
-4.25394968E-02  9.34391561E-02 -3.97784646E-03
-4.27848121E-03 -1.02756643E-02  5.86780528E-02
 3.11486206E-02 -4.31562671E-02 -1.73249304E-02
-6.83130276E-02  5.05483315E-03  5.21380152E-02
-4.27738402E-02 -1.14153540E-02 -3.98471611E-02
-5.04069233E-02 -7.33773757E-02 -1.48009186E-03
-1.04441857E-02 -3.58288531E-02 -1.91212484E-02
-2.75604240E-02 -8.66915831E-02 -7.88808964E-03
-4.47121287E-04 -2.89712082E-02 -8.64789491E-02
 5.17779877E-02 -8.21993006E-03  5.09197962E-02
 3.44138574E-02  1.34296107E-02  6.45357044E-02
 3.05367027E-02  4.79216603E-02  5.01747670E-02
 2.00108443E-02  2.51043005E-02  8.52288838E-02
 7.62120876E-02  7.47571433E-02  6.75879626E-02
 5.38878006E-03  2.25110259E-02  2.63971953E-02
 3.57190500E-02  8.63617200E-03 -4.16815445E-02
 5.41832987E-02 -7.75692622E-02  5.23926872E-02
-2.04997344E-02  3.92452993E-02 -5.21801333E-02
 4.25374350E-02  6.70345426E-02 -1.08532030E-01
-3.19616478E-02  2.28892277E-02  8.19578802E-02
-2.26145534E-02 -4.19133633E-02 -5.12395550E-02
-1.24674308E-02 -5.60767862E-02 -1.06825812E-01
-2.45072950E-02  3.93814319E-02  1.77454829E-02
-4.14004130E-02 -1.75255050E-02 -7.71773724E-02
 1.88504922E-02  1.99801380E-02  5.53689551E-02
-6.36726947E-02 -1.25965672E-02 -2.64765912E-03
-2.92567296E-02  3.91664678E-02  3.79885170E-02
-5.26783521E-02 -8.08218997E-03  3.09842721E-02
 1.24587777E-02  3.22913736E-02  6.73814283E-03
 3.11541493E-02  2.04662235E-02  1.33301762E-01
-1.94009400E-03 -6.06101755E-03 -3.19568643E-02
-4.61183573E-02 -1.04302493E-02  1.78528384E-02
-8.39354647E-02 -1.26216423E-01  5.98115285E-02
 5.67393158E-03  5.29525445E-03  1.39185059E-02
 1.01906144E-01  4.13234387E-02 -4.63163405E-02
-5.11082740E-02  1.08321127E-01  7.81943724E-02
-3.59427489E-02 -1.58110958E-02  6.00476594E-02
 4.79324160E-02  7.31394957E-02 -8.57157771E-02
-5.04261194E-03 -5.25098330E-02 -1.90845913E-02
-1.99138330E-02 -1.66206281E-02 -7.96013521E-02
-3.84041755E-02 -2.19834729E-02  8.60510479E-03
 3.02312413E-02 -2.57632768E-02 -4.02657900E-02
-4.12719553E-02  4.16608472E-03 -8.68454746E-02
 1.25766808E-02 -5.88866462E-02  1.86338790E-02
-5.34390719E-02 -6.01536824E-02  4.57636625E-02
 3.03507273E-02 -1.87469195E-02  4.87558982E-02
 5.59730732E-02  4.03080777E-03  1.97663726E-02
 1.29284251E-02  1.01046527E-01  4.51594853E-04
 8.14397590E-02 -4.55992109E-03 -1.02751931E-01
-2.10210659E-02 -4.61658973E-02  4.64341832E-02
 4.37018858E-02 -7.75989642E-02  7.35505041E-02
-3.74321170E-02  6.57829001E-02 -1.44536085E-03
 8.71837368E-03 -3.38889088E-02 -3.11247273E-02
 3.50163112E-02  4.32749861E-02 -3.92592979E-02
 2.59569427E-02  5.16856810E-02 -7.47732006E-02
 1.17427738E-02  2.49200112E-02  4.00941368E-02
 2.66154596E-02 -6.36934862E-03 -1.82351101E-02
 7.55136866E-02 -9.27099053E-02  8.90305829E-02
-4.19709456E-02  3.94692673E-02  1.86809689E-04
 4.93528163E-02  4.91848106E-02  2.82202201E-03
 3.97116893E-02 -1.87689117E-03 -7.24217276E-03
-3.65090175E-02  3.91134049E-02 -9.86630081E-02
-7.05452942E-02  3.69668381E-02 -1.45097035E-02
-5.33145203E-02  1.14053082E-02  2.03857242E-02
 5.26000149E-03  2.22608134E-03  2.38910867E-02
-8.08050393E-03 -1.44414775E-03 -9.14412111E-02
-2.40847172E-02 -2.27906405E-02 -1.02914424E-02
 1.26917120E-02 -1.25101171E-02  2.33925136E-02
 4.31292129E-02 -5.70922919E-02  3.72363562E-02
 2.21647185E-03  3.32054454E-02 -1.59174758E-02
-4.76043930E-02  4.58578206E-02 -3.54532902E-03
 2.45447135E-02  6.78707665E-02  5.77841043E-02
 1.80370741E-03  7.53415329E-02  1.88340390E-02
 6.92563327E-02  6.74053985E-02  7.70105106E-02
-5.66645141E-02  1.27106922E-01 -1.08477211E-01
-2.55024078E-02 -7.08738279E-03 -4.64454998E-02
 1.44451565E-02 -1.08283904E-02 -2.91731923E-02
-2.10391044E-03 -7.90017138E-02 -3.81252249E-02
 5.22930172E-02 -3.41010069E-02 -1.14914953E-02
 5.65127481E-02 -9.70610892E-02 -4.28493222E-02
-7.14387087E-02 -7.19069404E-02  2.89696599E-02
-2.43011197E-02 -3.58030330E-02  1.18206894E-02
 1.48678895E-01 -4.05946220E-02  3.57071485E-02
-2.73951218E-02 -3.00178951E-02 -1.34698985E-03
-6.62850149E-02 -3.67380997E-02  2.65251964E-02
 3.64306325E-02  3.06004158E-02  2.93429323E-02
-5.04715991E-02  5.44599554E-02  4.56652826E-02
 8.45174611E-03  8.34994872E-02  4.46999161E-03
 1.70667902E-02  2.64734233E-02  9.44622620E-03
-6.76117454E-02  3.01716178E-02  6.49279251E-03
-9.62525130E-03 -4.67722478E-02  1.94449950E-02
 4.46168638E-02  1.78331527E-02 -2.79099393E-02
 3.29799990E-02  2.70110532E-02 -3.82206438E-02
 1.34486909E-02 -8.58364860E-02 -4.11433642E-02
 7.39585799E-02 -1.20473042E-02 -7.58067025E-02
-7.61934357E-02 -5.32750450E-02  1.61554892E-02
-1.74420260E-03  2.34424863E-02 -1.21374091E-02
-4.42330142E-02  1.52242493E-02  6.88306272E-03
 1.88160895E-02 -5.25407801E-02  2.48501342E-02
-4.63049271E-02  1.05101489E-02 -8.88241244E-02
-3.84121873E-03 -3.03901011E-02 -7.04821166E-03
 6.84792021E-03  7.32857691E-03  1.08144859E-03
 6.48289287E-03 -4.79009987E-02 -2.85119175E-02
-1.95935868E-02 -1.76134443E-02  1.85562695E-02
-2.73928364E-02 -2.59423101E-02 -1.27057643E-02
 9.31757672E-02  2.68198100E-02  3.50140632E-02
 5.52473337E-04 -4.34640657E-02  1.92531863E-02
 5.43807027E-02  9.99669227E-02  9.40326216E-02
 5.39687266E-02  2.02523573E-02  7.26508347E-02
-9.54789089E-02  3.25481805E-02 -7.14047871E-02
 1.16716086E-02  8.19813899E-02  1.81647026E-02
 6.43115593E-03  1.99007682E-02 -7.15999313E-02
-6.99724203E-02 -7.93407010E-02  3.18352103E-02
-6.70696220E-02  8.73655529E-02 -4.42195347E-02
 1.54739755E-02  5.68813700E-02 -8.79194840E-02
 1.07049189E-02 -2.10298749E-02 -5.99053275E-02
 8.91147436E-02 -7.57911605E-04 -9.45712541E-03
-3.04650063E-02 -5.24245125E-02  6.51518951E-03
 2.82418991E-02  2.41312599E-02  1.74715087E-02
 3.74282525E-02 -7.46537846E-02 -4.89809615E-03
 6.38262070E-02 -6.78725703E-02  5.89162957E-02
-1.94177981E-02  3.91570053E-02  7.33172533E-02
 2.76057644E-02  5.05565070E-02  1.98662764E-02
-6.81885083E-02 -2.33374512E-02  4.38141807E-02
-3.45088341E-02 -2.05582723E-02 -1.75567472E-02
 1.54514331E-02  1.99422368E-02  3.76447156E-02
-8.13202811E-03 -7.37298431E-02 -1.49562340E-02
-4.28296260E-02  2.14214345E-03  7.54240796E-02
 4.36448826E-03 -1.58588866E-02 -3.25738737E-02
-6.86098099E-02  7.58918578E-02 -4.91265617E-02
 7.28959400E-02 -1.21126675E-02  4.36418010E-02
-2.02651639E-02 -2.20694691E-02 -1.56606701E-04
-7.06159125E-02 -1.71045639E-03 -2.46553108E-02
 1.55578870E-02  2.65476490E-02  4.95977489E-02
 4.53222866E-02  7.01122326E-03 -7.77710110E-03
 2.25496544E-02 -2.88101614E-03 -1.78500851E-02
-3.46215577E-02 -2.07112238E-02  2.23158995E-02
-3.48891444E-02 -5.42321563E-02 -1.40657895E-01
-5.99074118E-02  3.47759747E-02 -4.84110618E-02
 3.85583806E-02 -5.66510098E-02 -4.01051485E-02
-1.63049663E-02 -5.07681714E-02  2.32829210E-02
 1.32302940E-02 -9.09031440E-03  4.38068675E-03
-4.92312541E-02 -6.35403453E-02  4.92651629E-02
-6.82661986E-02 -1.14952804E-01  1.17553617E-01
 6.92386893E-02  6.19387826E-02  5.78637592E-04
-7.56613719E-04  6.92913741E-02  8.80686215E-03
-9.66052876E-03 -2.04626348E-02  8.00197215E-02
-5.41654328E-02  4.97626050E-02  2.84633430E-02
-6.16448240E-02 -4.99415570E-03  5.55807785E-02
-5.28030243E-02  7.49336574E-02  3.84067923E-02
 1.80018441E-04  1.39503393E-02 -3.34163479E-02
-3.91394366E-02  1.92499635E-02 -3.56836590E-02
 3.90554384E-02 -2.68708111E-03 -1.12046040E-01
 6.83631189E-02  6.66336586E-02 -3.63319083E-02
 5.75547300E-02 -5.44973184E-02 -1.11167132E-01
 6.41609302E-02 -1.92918681E-02 -1.83824161E-02
 2.46923466E-02 -3.97301196E-03  1.42093433E-02
-3.21538389E-03  2.26771518E-02  6.63847592E-02
 2.24599925E-02 -1.65226565E-02 -5.49153362E-05
-1.35549223E-02  4.60362440E-02  2.18385589E-03
 8.32912751E-02  5.10051152E-02  5.76829500E-02
 2.75721326E-03 -1.88477179E-02 -1.15921397E-01
-5.36792058E-02 -2.20267859E-02 -3.33857781E-02
 7.59895889E-03  1.34377913E-02 -2.51355245E-02
 7.58589135E-03 -2.73914067E-02  1.32113601E-02
 2.48941351E-02  4.73665340E-03 -4.93480157E-02
 4.68979643E-02  1.73726173E-02  5.20556043E-02
 4.83292413E-03  2.10901965E-02  6.82953643E-02
-8.65627154E-03 -2.12735660E-02 -8.75292200E-02
-4.15018948E-02 -8.78339934E-02  1.31251582E-02
-7.48318124E-02  4.61604249E-02 -1.06254846E-02
-2.49557258E-02 -5.90855036E-02  8.42049618E-02
-4.78140850E-02  5.37087588E-02 -9.41575644E-02
-1.47985157E-02 -3.21996410E-02  1.26560806E-02
-4.63300140E-03  4.82733167E-02  1.05546753E-03
-1.00284420E-03 -4.65470791E-02 -3.31819189E-02
 3.34334989E-02  4.86950508E-02  2.75263480E-02
 6.95763432E-02  4.40867299E-02  1.96188406E-02
 5.22010928E-04 -7.97894461E-02  1.03487683E-02
-6.11789990E-02  2.35288710E-02  5.82519466E-03
-2.35206586E-02  6.50298292E-02 -2.24396829E-02
 1.04690514E-01  1.12116333E-02  2.04384245E-03
-5.11121712E-03  2.78588309E-02  2.39388448E-02
-3.19410007E-02  1.30600437E-02  2.83575767E-02
-1.13980875E-01  6.26369946E-02  1.35288689E-01
 6.89414243E-02  1.91987085E-02 -3.86978864E-02
 4.29949740E-02  2.28044548E-02  3.02137130E-02
 1.88317987E-02  7.82222842E-03 -4.31720953E-02
-2.08739594E-02 -4.12101531E-02  7.45321080E-02
-2.56012588E-03 -4.32668865E-02 -4.63013006E-02
 2.58327956E-02  1.85866677E-02  2.13921552E-03
 5.85612886E-02 -7.06992514E-02 -6.92206131E-02
-1.50643973E-02 -3.82384482E-02  2.55637574E-03
-1.99163518E-02  6.44469954E-03  2.64637139E-02
 4.36624894E-02 -3.51950648E-02  4.25874999E-03
-1.20551879E-02 -2.13317764E-02  5.39431069E-02
 7.28358961E-03 -1.80996577E-02  1.34437619E-03
-1.04886083E-01  3.69681827E-02  3.61449835E-02
 5.52120971E-02 -2.39290055E-02 -1.63156527E-02
-5.18648768E-02  7.49402227E-02  3.41715474E-02
 1.12458832E-02 -2.72883373E-02  2.36368955E-02
 6.64812431E-02  6.99575403E-02 -6.13542596E-02
 1.22128055E-02 -1.56018432E-03  6.44724428E-02
 2.85427832E-02 -3.54794731E-02 -3.22338403E-02
 7.49386860E-03  4.76449320E-03 -5.58693904E-02
-3.71628858E-02  1.26618287E-01 -2.29291522E-02
-5.70660277E-02 -3.92320843E-02  2.25441159E-02
-8.95502998E-02  4.96196640E-02 -7.23362160E-02
 5.87496046E-03  2.80303355E-02 -6.83011451E-02
-3.44881115E-02 -3.81639915E-02  5.68213250E-02
-7.02582906E-02 -3.34851860E-02 -1.13569900E-02
 1.75989400E-02 -2.35042411E-02 -4.21007801E-02
 7.32929384E-02  3.06434662E-02  2.04693019E-02
-3.74795760E-03 -7.26814822E-02 -6.25282121E-02
-7.27843544E-02  5.84635122E-02  6.48851497E-02
 2.99488726E-02 -1.13455489E-01  6.37896717E-02
-3.06570721E-02  7.79234397E-02  1.36672041E-02
-2.71164251E-02 -2.40958642E-02  2.49437080E-02
 6.21545841E-02  3.27458672E-02  2.54286356E-02
-6.63648915E-02  7.17926611E-02 -5.16928172E-02
 9.39867595E-02 -1.13318952E-01 -9.82571991E-02
 5.96129997E-02  9.17289976E-02  1.90433526E-02
 2.19589733E-02 -2.62027982E-04  8.00705802E-03
 4.98850680E-02 -4.93055071E-03 -7.37412985E-02
-3.58698518E-02  2.58342389E-02 -2.46851595E-02
 6.64143104E-03  3.62828201E-02  4.96055121E-02
 1.12481613E-01 -8.63638051E-02  9.36225412E-02
-2.24419434E-02  2.33132729E-02 -4.45267025E-03
-5.56869373E-02  4.60406561E-02  7.37495179E-02
-5.55454346E-02 -5.78469376E-03 -4.83694420E-03
 1.09118282E-02 -1.31073370E-02  5.26043528E-02
-7.74208905E-02  4.11362902E-03  8.65585616E-03
 3.69530891E-02 -1.87471078E-02  5.68030029E-02
 4.70311772E-02 -1.17710119E-02  2.01499694E-02
-6.86916557E-03 -3.54384755E-02 -4.04600066E-02
-2.05152009E-04 -5.63756365E-02  1.61630109E-02
 1.73297983E-02 -5.64651584E-02 -6.84845034E-02
 1.17505903E-02  3.74630500E-03  6.26486689E-02
-1.52034469E-02 -5.61607817E-02 -4.11429080E-02
-2.48081716E-02  2.45745217E-02  2.35293280E-02
-8.09382004E-02  3.36987154E-02 -8.34624102E-02
-1.48675285E-02  3.43209203E-03  1.15160641E-03
 5.69452586E-03 -3.95217927E-02  5.82833413E-02
-5.14861324E-02 -1.22754175E-02 -5.08920668E-02
 2.04529160E-02  7.73389330E-02  2.84685746E-02
 2.16541295E-02 -3.19062806E-02 -4.35802975E-02
-3.85956692E-02  4.88877381E-02  2.22720526E-02
-1.00532808E-02 -6.66665834E-03 -5.17107893E-02
 1.61916375E-02 -2.61729472E-03  3.95887767E-02
 8.35787062E-02 -4.29014508E-02  3.76898487E-02
-3.25563264E-02  9.51266080E-02 -4.82869408E-02
 4.48838103E-02  2.69351076E-02 -1.47233052E-02
 1.62590848E-02 -9.79183360E-02 -3.67167567E-02
 6.24591783E-02  3.72922397E-02  2.61043242E-02
-1.25830777E-02 -7.26817755E-03  3.04289486E-02
 4.03437005E-03  6.70394272E-03  5.56043564E-02
-1.38588366E-02  1.15129826E-02 -9.01535782E-02
 4.22357661E-02 -5.17276886E-02 -2.20899237E-02
 1.38986316E-02 -9.80903271E-03  1.71016760E-02
-7.49378303E-03 -1.17300096E-02  6.47420057E-02
 2.45166726E-02 -1.59715985E-02  1.84857021E-02
 1.06342147E-02 -2.91197604E-02  5.70074731E-04
 3.15110903E-02 -9.69620994E-03 -3.36218896E-03
 3.27825277E-02  1.11983406E-03  8.42854323E-03
 3.22044755E-02  6.15227927E-02 -1.97412340E-02
 1.28835704E-03 -2.01574032E-02  4.20580350E-02
-7.11117063E-02 -4.54464921E-02  6.88402001E-02
-3.39481258E-02 -1.31045813E-01  7.32074615E-02
-9.83136593E-02  5.35910296E-02 -6.73603560E-02
 6.91087012E-02  4.25855794E-02  3.27875217E-02
-2.67745450E-03 -2.63918548E-02 -4.20729967E-02
 4.63340476E-02 -4.73585090E-02  4.32879012E-02
 2.72089605E-02 -2.41217826E-02 -5.10283336E-02
 1.70151995E-02  4.53067719E-02 -2.36387589E-03
 9.54084317E-03 -1.51088202E-02 -6.85703132E-02
-8.89806736E-04 -2.66306169E-02  4.81413053E-02
-9.60595413E-05  1.22255348E-01  6.85412028E-03
 1.13527256E-01 -1.12401168E-02 -1.82970920E-02
 1.15209149E-02 -3.95801240E-02  8.59291042E-04
-7.09785957E-02  4.17130271E-03 -7.01575634E-03
-1.08416740E-01 -3.95897316E-02 -7.71390807E-02
 6.92118293E-02 -1.65650305E-02 -2.98328807E-02
 1.69732844E-02 -9.49603673E-03 -1.88435878E-02
 1.18377070E-02  1.85359887E-02 -1.29675551E-01
-2.08306546E-02  1.28400860E-02 -3.97181589E-02
 3.54263185E-02  3.15394042E-02 -4.23620092E-03
 4.27185954E-02  6.00393342E-02  3.25022516E-02
 1.12322463E-02 -9.82685424E-03 -6.65985651E-02
-1.87046746E-03  1.57396163E-01  6.08717162E-02
-6.00601770E-02  7.09412697E-03  1.28824931E-02
-4.34948614E-03 -7.78520700E-02 -4.20462965E-02
 5.80212830E-03  3.30472592E-02 -2.06087452E-02
-4.21296809E-02  1.13381284E-02  7.36581151E-02
 6.31828976E-02 -9.35758667E-02  5.38731420E-02
 1.70146278E-02 -6.37982949E-02  4.33165605E-02
-3.65042021E-02  1.03647840E-03 -1.23436936E-02
 3.26717722E-02 -1.35037823E-01  3.92450753E-02
-4.12326407E-02  4.08253187E-02  5.61398280E-02
 8.09188250E-02  8.38041444E-02  2.22649957E-02
 2.02398678E-02  2.16911945E-02 -1.89447047E-02
-4.91459611E-02  1.12299371E-02 -5.88887775E-02
-4.61636041E-02  5.22896758E-02 -6.57062548E-02
 3.50176476E-02  1.67040642E-02  3.59201843E-02
 2.88863797E-02 -3.92417533E-03  3.14413463E-02
 5.25554846E-02  4.44005174E-02  4.12874950E-02
-3.18416231E-02 -1.85705575E-02 -3.97672752E-02
-7.58472322E-02  6.31839030E-02  4.77168163E-02
 3.02127340E-02 -3.90918193E-02 -4.08050013E-02
 4.54998415E-02 -1.14354523E-01  2.43936998E-02
-5.49164606E-02 -7.39536069E-02 -1.60241779E-02
-1.50962019E-02  1.07686328E-02 -6.75889773E-03
-5.54475210E-02 -7.58664745E-03 -1.54720659E-02
-5.44848828E-03  5.10779135E-03 -1.24426251E-02
-4.86429067E-02  1.85589668E-03  3.77236171E-02
 5.61966577E-03  4.34537265E-02 -5.06979505E-02
-6.31556353E-02  1.55685202E-02  2.95468425E-02
-3.09610124E-03  1.98464526E-02 -3.11265682E-02
 6.54179365E-03  7.10814520E-02  2.36381560E-03
-1.76461952E-03 -8.62738908E-02 -1.17500975E-02
 8.46660472E-03  6.32225428E-02 -1.74375688E-03
 1.70390263E-02 -3.74304994E-02 -2.33217074E-02
-2.66915740E-02  6.18821754E-02  4.37929354E-02
-3.20309764E-02 -8.36983649E-02 -1.24908925E-01
-3.46191129E-02  2.27814530E-02 -1.01393518E-01
 4.18042498E-02  3.07436851E-02  5.47586039E-02
-5.74546453E-02 -7.55111990E-02 -1.51195612E-02
 1.88826438E-02  3.62956126E-02 -8.23799585E-03
 1.75526163E-02 -7.06420002E-02 -8.28923144E-04
 9.62834024E-03 -5.65312028E-03 -2.37636084E-02
-3.44166091E-02 -9.37968597E-02 -7.60881781E-02
 1.04221548E-01  6.32195600E-02  1.84195457E-02
 3.37363514E-02  4.89148557E-02  6.95834674E-03
 2.01533936E-02  1.39588754E-03 -4.57957297E-03
 9.88674822E-02  3.11460676E-02  3.34270277E-03
-1.07667554E-03  2.90001044E-02 -1.64691534E-02
-1.71735965E-03 -3.03195143E-02  6.39986859E-03
 2.57577659E-02  6.73449381E-03  6.97490804E-02
 7.44744678E-02  1.18907421E-01  8.26009360E-02
-1.44498681E-02  5.19933944E-02  1.01367189E-01
-1.94537165E-02 -1.66795257E-02 -2.52120807E-02
-8.17390873E-02 -6.31414858E-02 -8.06420217E-02
-4.86720591E-03  5.09226580E-02  1.76371294E-02
-1.57264030E-02  8.19794223E-03  5.78329693E-02
-5.05127946E-02 -1.19634285E-03  5.87291103E-02
-1.73643543E-02 -3.89008083E-02  2.27536972E-02
 2.42032663E-02  2.08175672E-02 -4.27728608E-02
 4.72522717E-03 -1.46383113E-02 -8.15985756E-02
-5.62247799E-02 -2.37124599E-02  7.11127444E-02
 7.94603387E-02  6.10250181E-02 -3.55988697E-03
 1.84662750E-03 -1.74215239E-02 -4.00699149E-02
-9.41255284E-02  8.29211075E-03  1.29967242E-03
 1.70649836E-02 -3.45728351E-02 -5.45240334E-03
 4.04934191E-02 -1.83614014E-02 -2.26063087E-02
 2.34621565E-02 -2.33911473E-02  2.13601238E-02
-2.42714608E-02 -6.47404842E-03  1.15598978E-02
-9.75536470E-04 -4.92761982E-02  7.14719291E-03
 7.13584370E-03  8.00247906E-03  7.04760146E-02
 5.39529275E-02  5.65689699E-02 -1.06843705E-01
-8.22782909E-02  3.99233463E-02  5.54472168E-02
 7.36597020E-03 -3.22259807E-02  6.67952503E-02
-1.33973172E-02  7.63959254E-02  2.19541085E-02
 2.54697927E-02  4.85109081E-02 -4.42834703E-02
 8.27817222E-02 -1.29666951E-02 -1.93623690E-03
-2.03516361E-02 -2.21820255E-02  1.12236707E-01
 6.23040565E-02 -5.74022596E-02 -4.18068133E-02
 5.28603293E-02 -6.05792433E-02 -6.20158795E-03
 2.44553989E-02 -5.31576861E-04 -4.18945297E-02
-1.99563346E-02  4.40036371E-02 -9.03250832E-02
 9.36252906E-03  3.90662715E-02 -5.08631014E-02
 6.60803915E-02 -3.52669853E-02 -9.78551051E-03
-2.96309779E-02 -6.15653231E-02 -2.82185753E-02
-8.54723112E-02 -1.91186895E-02 -6.05396692E-02
-8.75450727E-02 -2.94201264E-02 -6.45523781E-02
 1.58216162E-02  8.05716713E-02  7.79405763E-03
-6.22203967E-02 -5.36280550E-02 -2.34628068E-02
 5.53899496E-02 -4.77731680E-02  6.21728487E-02
 2.04843659E-03  3.05084433E-02  1.55859007E-03
-6.20208859E-02  5.81400394E-02  1.01539434E-01
 1.56590128E-02 -4.42977996E-02  6.93095694E-03
 3.48707177E-02  8.24608090E-02  6.32635310E-02
-1.55105684E-02 -2.85182167E-03  8.77013469E-02
-3.46288422E-02  1.79085005E-02 -4.89104292E-02
 4.95500457E-02 -6.19111501E-03  1.15270816E-02
-1.94810733E-02 -4.79743081E-03  1.02965608E-02
-7.50818277E-02 -1.88778882E-05  2.05284513E-02
-5.28419675E-02 -1.42445119E-02 -2.03235793E-02
-7.22155639E-02  4.08395149E-03  4.05434832E-02
-2.42825895E-02  4.27892861E-02  2.39987211E-02
-5.68082473E-02 -2.97333328E-02 -3.51605971E-02
 1.88993222E-02  4.90781677E-02  1.60980061E-02
-2.68340269E-02  3.38525707E-02  2.69466178E-02
-1.46007080E-02  3.08665957E-02 -1.79259646E-02
 9.93863377E-02  6.01842098E-02 -6.97398361E-02
-1.69439959E-02  1.21945662E-02  4.56733390E-02
 2.77394331E-02  2.97323294E-02  3.06834452E-02
-5.71507540E-02  2.50336025E-02 -1.37159835E-02
-1.00857248E-02  4.88168024E-03  6.89199165E-02
 3.52702108E-02 -3.82485365E-02 -4.65734655E-02
 3.60489193E-02  2.98257527E-02  2.46820281E-02
 2.69761118E-02  6.39517644E-03 -4.46088668E-02
 1.05305685E-02 -5.80993468E-03 -6.66017672E-02
-1.54548176E-02 -6.06421167E-02  1.78746119E-02
-4.06859038E-02 -3.43249769E-02  5.04832388E-03
 1.10282932E-01 -3.17281749E-02  3.06417114E-02
 5.05056105E-03 -7.56580387E-03  1.66700784E-02
-3.97812004E-02 -3.06067011E-02 -1.10672345E-01
-3.50265699E-02  1.14663652E-02 -1.16215978E-02
 1.98156899E-02  6.72373034E-03 -5.22829491E-02
 9.29215538E-03  3.71173828E-02 -2.83877642E-02
-7.52433218E-02 -5.19452198E-02  1.85633237E-02
-2.03959657E-02  8.12590000E-02  2.11830971E-02
-7.12560498E-02  9.45123654E-02 -7.96260407E-02
 1.14486573E-03 -1.36422759E-03 -7.50616916E-02
 3.51577486E-02  9.25786481E-02  5.94427580E-02
 4.10374922E-03 -1.04137968E-02 -3.86578375E-02
-1.04749135E-01 -2.65895758E-02  4.12819647E-02
-4.77945059E-03 -4.83888550E-02  3.39002308E-02
-7.88601403E-02  5.63094292E-02  2.95215887E-02
 6.40191067E-02 -1.08362883E-01  2.92984047E-02
-3.56426497E-02  7.07140093E-02  2.08401062E-02
 1.29611613E-02 -8.72613964E-02  1.04393217E-02
 9.18655596E-03 -1.23625179E-02  4.50795539E-02
 4.04819676E-02 -4.72228389E-02  3.16542366E-02
-3.00199654E-02 -4.75028614E-02 -1.99665158E-02
 3.20571146E-02  3.14947008E-02 -4.99479433E-03
 1.78034561E-02  2.00388144E-02  2.10720288E-02
 3.30342913E-02  7.52855301E-02  1.35411049E-02
-6.09605559E-02  1.22113978E-01 -7.67258814E-02
-2.87822948E-02  3.14762694E-02  4.78631644E-02
 3.61776959E-02 -4.31681907E-02 -9.93278115E-03
 2.69965050E-02 -2.73887872E-02  1.18744846E-02
 6.77716576E-02  3.56590952E-02 -1.67001678E-02
 2.39050578E-02 -1.25293495E-01 -5.42169057E-02
 4.01824515E-02 -1.63195215E-02  4.91155112E-02
 8.56791278E-02 -3.49090685E-03 -6.46393824E-02
 1.09531222E-01 -9.47260212E-02  1.18764458E-01
-3.08800736E-02  2.47674343E-02  4.45827131E-02
-5.41363904E-03  4.80196894E-03  3.31732756E-02
-3.80283229E-02  7.41885430E-02  3.06358664E-02
 1.32809668E-02  1.56030178E-03 -1.47682715E-02
 2.74878283E-02  2.29262569E-02  3.82215574E-02
-6.73225357E-02 -9.57811013E-02 -3.75006603E-02
 6.52058136E-03 -3.60939482E-02  3.17842139E-02
 5.09818155E-02 -3.31934163E-02 -6.30189843E-02
 9.78055700E-03 -3.42857867E-02 -7.97594644E-02
 3.20023273E-02 -3.93083271E-02 -5.22791119E-02
-4.12431595E-02 -7.57392031E-02  4.71960846E-02
-7.78017982E-02 -6.43488974E-03  8.45980802E-03
-1.25693190E-02 -4.10719249E-03 -2.37588976E-02
 1.42784277E-02  9.14928255E-02  2.36293843E-02
 7.46602997E-03 -3.49313598E-02  1.87992905E-02
 4.69642401E-02  1.79456954E-02 -4.04599677E-02
-1.30723369E-02 -4.16141182E-02  6.45404000E-02
-2.66380814E-02  5.56269389E-02  2.82100136E-02
-5.28004950E-02  1.32593010E-02 -1.44499284E-02
-2.47059579E-02 -1.05912463E-02  8.91134745E-02
-4.98971959E-02 -1.04265598E-02  7.91808851E-02
-4.86136399E-02 -1.12668711E-02 -3.93232829E-02
-4.41894169E-02 -2.07238359E-02 -4.18369439E-02
-3.11879916E-02 -3.76706826E-02 -4.30918325E-02
 9.29267687E-02 -2.28810141E-02 -3.87814136E-02
-4.07227479E-03 -3.03910299E-02 -4.87153079E-02
 1.50724506E-02  3.68630850E-02 -5.35173624E-02
 6.01444334E-02  9.91130554E-04 -6.03473856E-03
-4.76881796E-02 -3.83638648E-02  5.89470249E-02
 7.61629075E-02  7.50471601E-02  1.76751380E-02
 7.69227249E-02  5.21550651E-02  1.61530583E-02
-5.31703110E-02 -7.77120165E-02 -3.57237040E-02
 7.45485204E-02  2.34993977E-02 -4.19791568E-02
-2.79087585E-02  1.08181793E-02  3.06554938E-02
-2.83747316E-02 -8.13456667E-02 -3.61925993E-02
-1.29240291E-01 -4.68844413E-02 -2.02265774E-02
-1.50363801E-02 -7.97106530E-02  9.03472892E-03
-9.32339504E-02 -5.08981004E-02 -3.91269178E-02
 1.84950887E-02 -3.19066026E-02 -9.43785493E-02
 6.16929776E-02  4.34327110E-02  8.32847001E-02
-2.07806500E-02  2.39435572E-02 -2.90333228E-02
 3.55321979E-03 -2.20623115E-02 -5.13748938E-02
 4.46023521E-02  1.04442930E-01  1.88152529E-02
 6.38761505E-02  1.50857842E-01  6.00978764E-02
 1.73884218E-02  3.86954898E-03 -9.27839086E-03
 7.21019894E-02  6.85268809E-02  8.13234988E-02
-7.77702553E-02  3.65787557E-02 -1.85347114E-02
-1.88355453E-02 -5.15044172E-02  2.20327926E-02
-5.43948270E-02 -4.50984979E-02 -5.60838058E-02
-5.01583402E-02 -5.63117955E-02  9.14983982E-03
 5.44299733E-02 -8.72983790E-02  3.57009302E-02
 6.93615296E-02 -5.86077822E-03  3.44663201E-02
-6.28018868E-02 -9.23689805E-02 -4.13041898E-02
 4.79617493E-03 -3.39450886E-02 -2.15647017E-02
-1.77698931E-03  5.14083362E-02  4.58895077E-02
 2.25926103E-02  3.38789582E-02 -1.09572281E-02
 6.29155800E-02  3.43547415E-02  3.70951725E-02
-9.54869739E-03  6.33646849E-02  2.12861435E-02
-1.02134289E-01  6.13312827E-02 -3.30058809E-02
 1.61066281E-02  4.97659981E-03 -4.25323835E-03
 6.40080904E-03  5.95134712E-02  3.74886336E-02
-4.07850472E-02 -2.75852347E-02 -2.64253117E-02
-1.30643683E-03 -5.40243024E-02 -2.94514184E-02
 7.72403088E-02  9.69882166E-03 -2.73049123E-02
 3.74621173E-02  6.01838091E-02  9.71391985E-03
-2.88759997E-02  7.21669381E-03  2.44630859E-03
-3.20835305E-03 -4.47480472E-02  6.34658913E-02
-2.96167704E-02 -3.55855805E-02  5.48245425E-03
 6.56208218E-02  2.47325208E-02  3.04059589E-03
 2.13281830E-02 -6.73487773E-02  2.53953698E-02
 7.91561899E-02  5.83592395E-02  1.61033427E-02
-4.99487858E-02 -4.57459845E-03 -3.33213851E-02
-8.12749037E-03 -3.57482873E-02 -7.72651313E-02
 1.91275923E-02  2.39042803E-02  2.71192780E-02
-1.47856905E-02  9.58286774E-02 -2.37330892E-02
 6.19089585E-02  4.17873532E-04  2.42722546E-02
-5.45500658E-02  1.18053143E-02 -3.98424686E-02
-1.11296421E-02 -2.74503452E-02  5.05927720E-02
-1.22538750E-02 -4.56404201E-02 -6.22531516E-02
 7.68298391E-03 -1.50341076E-02 -1.40220607E-02
-1.01538721E-01  6.86670126E-03  5.09100828E-03
 1.09241486E-02 -5.36744848E-02  3.29690414E-02
 9.27809772E-02 -3.74335798E-02  6.60561540E-02
-2.00019932E-03  3.02052757E-02  1.77195291E-02
 3.96259853E-03 -2.46601931E-02  3.92144546E-02
-1.11241452E-01 -1.17591250E-01 -1.59551943E-01
 6.79447526E-02 -4.51390832E-02  1.85597334E-02
-6.67277898E-02 -1.54707540E-02 -1.07704640E-02
-2.46869836E-02  1.40664226E-02 -1.72189638E-02
 1.81900166E-02  1.97597532E-02  2.65179023E-02
-9.22099204E-02 -6.88859198E-02  1.33895198E-02
-4.40569403E-02  3.26586183E-03  3.67590538E-02
-3.73721964E-02  7.32148579E-03  2.78917366E-02
 9.53085726E-02  1.20707813E-01  1.21317815E-01
 2.68499819E-02 -3.61607024E-04 -2.38411891E-02
 1.23670467E-02 -2.63124243E-02 -1.23705172E-02
-4.73600430E-02  4.06547032E-03 -7.46937561E-03
 6.47493667E-02  1.54393309E-02  4.79445357E-02
 2.13083542E-02 -7.36539539E-02 -4.69315759E-02
-6.54454360E-02  6.06264207E-02  3.71921943E-02
 5.61089643E-02  1.05948299E-01 -3.92802419E-02
 1.56185217E-02  5.23405878E-02  2.11019304E-02
 3.95962128E-02  1.46729385E-03 -1.97785887E-02
 1.04800240E-02 -3.52643814E-02  3.06570312E-02
 3.92772369E-02  3.73120595E-02  7.18661960E-02
 7.10217465E-02 -6.78981368E-02 -1.15786245E-01
 9.14847760E-02  2.45965026E-02  2.02945276E-02
 4.70971936E-02 -4.26728773E-02 -1.61882421E-02
-5.44933605E-02 -4.58846569E-02  9.33514004E-03
 5.23446098E-02  3.48541898E-02 -2.69313742E-02
-5.33257672E-02 -6.26214444E-04 -6.53664897E-02
-4.51536139E-02  3.43593547E-02  5.81995182E-02
-1.89756661E-02  2.05649414E-02  1.08687595E-02
 7.60160083E-02 -8.02857136E-03 -5.46589334E-02
-7.34925516E-02  5.93773231E-02  9.08870237E-02
-1.56379184E-02  2.79570825E-02  3.67169069E-02
 3.73287901E-02 -1.11726586E-02 -3.23102822E-02
-5.37932545E-02  3.85656234E-04 -5.23127336E-02
-2.20461787E-02  3.81175783E-03  2.48880591E-02
-5.58474092E-02  2.24640884E-02 -8.38040787E-03
-7.87556124E-02 -7.95501527E-02 -2.43268992E-03
 8.00362459E-02 -1.77912535E-03  2.52220403E-03
-8.53402597E-03  4.72924078E-02 -2.30065555E-03
-7.89325979E-03 -3.21412812E-02  2.60534091E-02
 1.74515717E-02  1.66907466E-02 -4.94204421E-03
 8.96660214E-04  1.62111369E-02 -7.91733985E-02
 2.07104362E-03  5.45207935E-02  6.48455208E-03
 2.23918218E-02  1.05539246E-03  4.47903278E-02
-1.31079982E-02  4.64237897E-02  4.41354914E-02
 1.02991888E-02 -2.43604981E-02 -5.05095688E-02
-3.53668257E-02 -9.83513162E-03 -7.04978966E-02
-2.45077208E-02  1.79744799E-02 -7.17274307E-02
-6.01977763E-02 -9.08157014E-02 -2.33039726E-03
 1.42682772E-02  1.57406825E-02  8.33260259E-02
 2.69100744E-03 -1.18232400E-02  4.66658142E-02
 2.22641136E-02 -3.89731049E-02 -6.31201218E-02
 3.38709655E-03 -4.39152428E-02 -1.77150454E-02
-5.77131371E-02 -3.81171003E-02  4.72946835E-02
 9.75937726E-02  6.12418962E-02 -9.90654299E-03
-3.88062730E-02  2.08556653E-02 -4.87037591E-02
 8.29369451E-02  8.24471775E-02  5.72391456E-02
 7.81127826E-03  1.84980116E-02 -1.51670956E-02
-6.19273377E-02  6.69076783E-03 -2.55707668E-02
-5.26790316E-02  5.75803657E-02 -2.01926336E-02
 1.17343086E-02  2.67547072E-02 -3.59914257E-02
-3.79766264E-02  7.70212612E-02  2.56470353E-02
-1.58721163E-02  1.52803793E-02  2.57520762E-02
-1.12031362E-02 -1.72541923E-02  1.06277808E-02
 1.48697937E-02 -1.99493532E-02 -3.30297298E-02
 5.32551310E-02  9.34095105E-02 -2.44480328E-02
 2.41078594E-02 -6.63201912E-03  4.58300496E-02
-4.55100539E-02 -1.61778742E-01  7.08169503E-02
 3.61924324E-02  5.00163513E-02  5.64523242E-02
 1.58896683E-02  2.64003963E-02 -4.27371750E-03
-2.94267477E-02  1.53082179E-02  6.26281575E-03
 4.70171373E-02 -4.03199107E-02 -4.73936255E-02
-2.87387858E-02  9.05462622E-03 -1.02717638E-01
 5.93455278E-03 -2.27773847E-02  2.40079381E-02
-3.30331272E-02 -6.76104078E-03 -2.97128288E-02
 2.18009801E-02  8.05656852E-02 -3.31441079E-02
-9.80682277E-03  6.54783347E-02 -2.77009489E-03
 9.09410896E-02  6.13082778E-02 -1.60681661E-01
 5.69357724E-03 -1.80729031E-02 -7.62648902E-02
-1.33743302E-02 -1.64285836E-02 -1.40549213E-02
-6.66045886E-02 -4.00005704E-02  3.46497880E-02
-2.26334628E-03 -4.87166357E-02  9.02433836E-02
 2.51054549E-02  3.63536655E-02  4.17977740E-02
-1.27828728E-02 -1.10269233E-01 -1.06717771E-02
-1.42310025E-02 -3.34401030E-02  5.72040805E-02
 3.20077813E-02  4.35592890E-02  5.99579897E-02
 7.12468740E-03 -4.31527110E-02 -2.34944679E-02
 4.20185551E-02 -3.17047083E-02  2.03507630E-02
 2.86942478E-02  2.57733378E-02  1.68968678E-02
-2.55090809E-02 -6.74748248E-02  8.87541370E-02
-3.55514620E-03  3.94389037E-02  4.14341340E-02
 9.68701945E-02  4.85844851E-02 -3.78303876E-02
 2.53247888E-02  4.67151494E-02 -1.49894758E-03
-1.25177061E-02  3.83487787E-02 -7.03078887E-02
-3.80423908E-02  6.16336366E-02 -5.52716463E-03
-9.92840929E-02  9.58139619E-03  1.80403011E-02
-6.22219350E-03 -5.74763839E-02 -2.13079563E-02
 8.39323003E-02  1.76600371E-02 -2.45600342E-02
 1.92227137E-02  1.00410008E-02  4.99722045E-02
-2.20695920E-03  1.33698979E-02 -3.06776936E-02
-1.99604146E-02 -8.21484291E-02 -8.75596773E-02
 2.72744347E-02 -5.16818819E-02 -8.65471610E-02
-1.86073079E-02  4.92809942E-02  7.57734366E-03
 4.52196867E-02  6.07549970E-02  5.49899668E-02
-8.47614607E-02  1.50489273E-02  1.88183632E-02
-2.56289531E-02 -9.31621626E-03 -4.95013436E-02
 9.12040304E-02  3.09457443E-02 -2.36048633E-02
 1.48013390E-02  5.92436571E-03  6.09327297E-02
 5.18028225E-02 -2.87830353E-02  1.21621284E-02
 3.41310990E-03 -8.37934980E-02  2.42422064E-02
 2.70504635E-02  1.38092505E-02  1.05257309E-02
-3.82831260E-02  5.29664203E-02  7.04930653E-03
-2.25726360E-02  1.49850247E-02  4.56061407E-02
-5.84190869E-02 -8.90687217E-02 -3.34057746E-02
-5.80836850E-02 -4.95979679E-02  2.65347246E-02
-6.38540697E-02 -5.06269771E-02  2.87946825E-02
 1.17230702E-02  5.99795669E-03 -3.19128991E-02
 7.68662531E-02  3.55574136E-02 -6.03838525E-03
-4.81191836E-03  1.84152658E-02 -7.88580307E-03
-1.02146629E-02 -1.10957661E-01  3.74822655E-02
-4.27659055E-02 -1.41019626E-02  1.26584928E-02
 3.36382584E-02  3.26708325E-02  3.05058222E-02
 2.93070687E-04  5.62984498E-02  7.06997656E-02
 3.14328527E-02  1.50055937E-02 -1.09995246E-01
-8.19556379E-02  4.13338720E-02  6.54613860E-02
 3.82082355E-02 -1.64020818E-02  4.35427580E-02
 7.47799327E-02  1.33367156E-02  1.87469460E-02
 3.94444943E-02 -2.22000667E-02 -1.13347847E-02
 6.79897294E-02  2.19440961E-02 -1.00888976E-01
 2.87381456E-02 -1.38970836E-02 -5.28376476E-02
 1.04236813E-02 -6.52147152E-02 -7.72347206E-02
 6.08873480E-02  7.82551689E-03  4.36846577E-02
-2.84100402E-02  1.16409817E-02 -9.69729119E-03
 3.61315340E-02  5.67313220E-02 -1.16064183E-04
-2.71310916E-02  1.08938448E-03  2.45021073E-02
-1.31279854E-02 -4.63543630E-02  6.89829839E-02
-6.35799746E-03  2.93078839E-02  4.73501476E-02
 8.10848911E-02 -5.48094175E-02 -5.56606828E-02
 1.47882400E-02 -2.86635069E-02  3.53848608E-02
-5.98980065E-02 -3.30027348E-02  1.08811254E-02
-9.86548163E-03  4.08330939E-02 -1.69762470E-02
-6.40736187E-03  3.45887084E-02 -9.66633249E-03
-2.10391702E-02  6.92422489E-02  4.08766947E-02
-1.84544999E-02  2.21045031E-03 -5.49787887E-02
-3.26046578E-02  5.55993009E-02  2.19961422E-02
 1.03735585E-02 -3.00164374E-03 -4.02589284E-02
-2.61726166E-03  2.12609279E-02 -5.43119310E-02
 4.61694451E-02  2.56650520E-02  3.09299149E-02
-1.72169779E-02 -2.94579114E-02 -3.75877451E-02
-2.66975578E-02  2.52643591E-02  3.29055955E-02
-3.31922989E-02 -4.66885449E-02  1.87483567E-02
-3.82876964E-02 -4.66436217E-02  8.75649583E-03
-2.97409498E-02  1.69831965E-02 -2.49572932E-02
 2.05008767E-02  5.09367368E-03 -2.79527525E-02
-1.75555648E-03 -3.53115394E-02 -6.58453686E-02
-4.76906198E-02 -4.81190397E-03  6.42661563E-02
-6.86390802E-02 -6.62626844E-02 -2.92703930E-02
-2.69919610E-02  3.31013111E-02  8.19694437E-02
-1.86828980E-02  8.81053878E-03  2.20874808E-02
-3.94195253E-02  2.34822459E-02  7.43254267E-02
 1.69579346E-02  5.07747596E-03 -1.13360733E-02
 1.33473974E-02  6.64826604E-02 -1.52249128E-02
-4.05140515E-03 -4.01000919E-02  5.31366013E-02
 3.76613897E-02 -2.12529990E-02 -6.69118765E-02
 1.04268581E-01  6.34300261E-02  3.41068868E-02
-5.28193683E-03 -4.02552646E-02 -4.20324767E-02
 1.01382968E-02 -5.29235418E-02  3.82432065E-02
-4.72696285E-02  4.74269547E-02 -1.09453314E-01
 3.56035867E-02 -6.65167707E-02  6.10093738E-04
-2.12477973E-02 -1.19510696E-02  2.92308454E-02
 7.57491342E-02  5.11070100E-02 -7.36867627E-02
 5.49283166E-02  3.39194117E-03  1.33387011E-02
 7.67284438E-02 -2.47155845E-02 -2.23229957E-02
 2.70323017E-02  1.96169060E-02  1.90963979E-02
-6.84676830E-02 -4.69246618E-02 -5.17344608E-02
 1.05253852E-01 -5.39598565E-02  3.12784349E-02
 9.38209346E-02  5.99367864E-02 -3.25390665E-02
-2.89953084E-02 -3.39927537E-03  5.62201908E-02
-9.92108072E-03 -4.10547443E-02  3.24858675E-03
-6.55067424E-02  3.25462315E-02 -5.75132739E-02
-3.76278598E-02  3.47201337E-02 -2.18178526E-02
-4.01766660E-02  2.12413900E-02 -6.50365077E-02
 4.94735983E-02 -1.76334419E-02  6.07986386E-02
-9.81680887E-02 -3.27280169E-02  6.95328829E-02
-8.82784104E-02 -4.83304731E-02  5.02079772E-02
-9.10328821E-02 -7.15882955E-03  6.40328778E-02
-3.43779779E-02 -6.56375734E-02  6.92492996E-03
-2.88204204E-02 -1.17599190E-02  1.10635728E-02
-2.31987835E-02  4.28853161E-02 -2.68802693E-02
-3.47510636E-02  1.54584297E-02 -2.99126461E-02
 5.97715208E-02  3.83540274E-02  6.52494952E-03
 6.72178837E-03  1.21455235E-02  1.60760988E-02
 3.12540489E-02  1.45459864E-02 -4.39337469E-03
-8.78130153E-02 -8.02538743E-02 -2.82637178E-02
 7.58069813E-02  1.10755373E-02 -3.52107748E-02
-1.36701437E-02 -2.16498578E-02  2.99490134E-02
 5.52080685E-02  6.14098042E-02  4.92895077E-02
-1.39272434E-02 -3.58312019E-03 -3.92148396E-02
-5.81964094E-02 -5.92259219E-02  5.63508285E-02
 2.04085028E-02 -2.09770606E-02 -1.16294734E-01
-5.00853929E-02  6.86949341E-02 -7.05341577E-02
 9.77858345E-02  8.06912080E-02  7.68040203E-02
 8.62742867E-03 -1.65081693E-02  2.25126703E-02
-2.86780952E-02  8.00676574E-02 -1.87372828E-02
-5.05391728E-02 -5.16099513E-02  1.20363797E-02
 6.53928808E-02 -6.05750669E-02  1.61887430E-02
-6.08132790E-02 -1.90790089E-02 -2.58198529E-02
-1.59567955E-02 -4.83233796E-02  2.10013451E-02
 3.82776310E-02  5.45352655E-02 -6.32597657E-03
 2.00903172E-02 -1.67075717E-02  1.37992260E-01
-5.86895922E-02  1.05203927E-02  3.64016959E-02
-2.82901341E-02  4.93824701E-03 -1.94338904E-02
 1.00395388E-02  1.47297273E-03  8.83900174E-02
 2.86322728E-03  2.07801736E-02 -6.29845683E-02
 4.09492056E-02 -3.26696680E-03 -4.83488578E-02
-1.00665318E-01 -7.64158355E-02  7.37166464E-02
-4.03667591E-02 -6.36632116E-02  5.77236442E-03
-1.54166200E-02 -6.77852650E-02 -2.09565161E-02
 7.15954558E-03  7.71647635E-02  3.74831285E-02
-1.81434214E-03  2.76174376E-02 -5.32782503E-02
-1.60998944E-02 -1.89079384E-02 -1.73377719E-02
-3.61419669E-02 -3.60501837E-02 -5.78557984E-02
 4.55189151E-02  2.59739618E-02 -1.36496669E-02
 3.66068316E-02  2.13036597E-02  4.32128093E-02
-5.89272225E-02 -2.09639616E-03  7.94171681E-03
 7.96703964E-02  5.56770648E-02 -1.67509562E-01
-3.90387673E-02 -2.85668989E-02  2.81187586E-02
-6.25348201E-02 -7.40424987E-03  9.96823888E-02
 1.79317244E-02 -6.48907753E-02  3.42783556E-02
 3.97830408E-02 -5.87023758E-03  4.34141412E-03
 3.33628300E-02  5.25193935E-02  1.99514219E-02
 3.72243268E-02 -9.41654984E-03 -4.31475408E-02
 5.63644215E-02  1.69347574E-02  2.24235879E-02
 9.41758363E-02  7.33728212E-04 -1.20464512E-03
-9.50482012E-03 -2.90548766E-02  3.72765304E-02
 2.77645227E-02 -3.26698679E-02  3.67750803E-02
-1.46838984E-02  9.49049731E-02  3.52877426E-03
 8.01484196E-02  1.40546660E-01 -5.74512075E-02
 1.99625697E-02 -2.03011387E-02 -3.79203148E-02
-9.02209777E-02  2.58839655E-02  6.26177962E-03
-2.84765505E-02  9.63829511E-03 -2.00096460E-02
-7.52731731E-02 -3.54692950E-03 -1.97658961E-03
-2.64713258E-02 -2.73794974E-02  9.20729648E-03
 3.03433367E-02 -2.27166582E-02 -8.96176184E-02
-5.22693017E-02 -8.48307309E-02  9.84008432E-02
-1.45632611E-02 -7.79045910E-02  1.91468654E-02
-5.35283052E-03  2.36529567E-02  2.43718294E-03
 4.99727350E-02  5.22096440E-02 -1.80569574E-02
 3.09437463E-02 -1.95413661E-02 -2.04393432E-02
 5.54991953E-02  3.58339019E-02 -2.46966071E-02
 3.22804697E-02  5.64438874E-02  5.63121685E-03
-3.08420448E-02 -7.45879980E-02 -5.17341878E-02
-7.23382568E-02  2.19219546E-02 -5.87536340E-03
 1.00986548E-01  4.58730133E-02 -2.75990782E-02
-7.28853422E-02 -3.45341252E-02 -5.82075879E-02
 4.31420669E-02 -2.91385920E-02 -4.79210625E-04
-3.16951408E-02 -1.43934051E-01 -7.50761243E-02
-8.21624682E-03 -3.98888783E-02  8.01293052E-02
 5.23973809E-02  1.89197730E-02 -2.29735744E-02
 1.01048497E-02  7.94151468E-02  4.84315900E-02
-7.51977176E-02  4.34533570E-02 -8.81063407E-02
-1.60105094E-02  9.69295375E-03 -6.69528838E-02
 2.55576728E-02  2.33847344E-02  2.70436606E-02
 7.77119994E-02  7.25909308E-02  6.85393067E-02
 1.27428601E-01  1.12263610E-01  1.08263684E-01
-3.76914655E-02 -5.99452781E-02  1.89518063E-02
-3.77727556E-02 -5.35782102E-02 -1.90804775E-02
 5.24530601E-02  5.78277451E-02  2.93649591E-02
 5.02767757E-02 -6.28860394E-02  3.53233432E-02
 4.68173083E-02 -6.77151325E-02  2.59683814E-03
 2.76684842E-03 -1.50133371E-02 -1.90218070E-03
-7.25683584E-02 -1.05121464E-02  1.76601483E-02
-1.66705677E-02  5.15329781E-02  6.29203239E-03
-6.92894263E-02  1.49867096E-02 -1.35500952E-02
 2.97421555E-02  5.94563763E-02  4.43344574E-02
-2.79704239E-02 -2.24150079E-03  4.84776161E-02
 1.11180910E-03 -1.59258368E-02 -5.49160740E-02
-7.10119942E-03 -2.15449262E-03  3.98558827E-03
 3.72845391E-03 -2.33864407E-02 -1.51696782E-02
 1.27754134E-02 -6.19957749E-02  1.22044184E-02
-1.66673002E-02 -5.71386355E-02  8.41677284E-02
 1.54732463E-02 -6.07782201E-03 -2.54147715E-02
-4.36325828E-02  4.49378093E-02 -5.57383012E-02
-8.34825618E-02 -5.83344400E-02 -6.70698834E-02
-2.29386602E-02 -5.73241842E-02  4.04157824E-03
 4.42397090E-02  7.85058123E-03  8.31830087E-02
 3.96463890E-03 -3.02374631E-02  2.41283755E-02
 6.42986839E-02 -1.27302954E-02 -1.85267643E-02
 7.09956557E-02  6.25370530E-02 -4.04326223E-02
 4.65583140E-02 -3.15611050E-03 -4.92345239E-02
-1.55310098E-03  8.00752697E-02 -3.02098329E-03
 5.30839827E-02  3.16457305E-02  2.47071384E-02
-4.38675683E-02  6.35237053E-02 -1.03531715E-02
-7.61845193E-02  8.03645801E-02 -8.74271218E-02
-5.56907403E-02  2.97718836E-02 -4.81004127E-02
-6.93941390E-02  5.32465973E-04  1.54131429E-02
-1.52662677E-01  5.37144315E-03 -5.31674698E-02
 5.69610094E-02 -1.03303015E-02 -2.34532537E-02
 4.93374354E-02  3.09926078E-02 -3.33504925E-02
 7.57123344E-03 -4.81488682E-02  1.89904916E-02
 6.95808852E-02 -3.46320719E-02  1.10112772E-01
 2.92266527E-02 -3.25187270E-02 -3.77046342E-02
 2.77915485E-02 -2.30190755E-03  8.30739722E-02
-2.58889407E-02  6.54036186E-02  4.63078655E-02
 4.37753519E-02 -2.65116723E-02  2.99942200E-02
 1.16129263E-01 -1.36756819E-01  7.26656260E-02
 3.39674658E-02  6.34643818E-02  5.44571259E-02
-1.55345180E-02 -6.07676655E-02  2.69963871E-02
 3.84040943E-02 -2.03987567E-02 -5.50723066E-02
 1.53706818E-02 -6.65762354E-02 -8.09747874E-03
-1.06551224E-01  3.59549701E-02 -3.13641094E-02
 1.46478559E-03 -9.98927985E-03 -1.32146112E-02
-1.18232489E-01  4.18608391E-03 -5.35473262E-02
-4.89455736E-02  9.69937341E-02 -1.95563071E-02
-2.71382262E-02 -3.75664527E-02 -3.83361756E-02
 6.46855817E-03  6.11127485E-02 -4.18236955E-02
-9.98925418E-03 -5.22702483E-02 -1.63557398E-02
 7.87555922E-03  1.18967746E-02  2.22889239E-02
 2.22637196E-02  2.36053569E-03  6.97159891E-02
-9.70171505E-02  8.99125393E-02  4.26596830E-02
-7.95914279E-02  6.52222676E-02  2.21133709E-02
 5.20176424E-03 -3.02843274E-02 -1.34640547E-02
 1.49143290E-02  4.03191959E-02  1.20882294E-02
-6.16922429E-02 -1.21733876E-01  6.07458912E-02
 7.37373912E-02 -8.62648939E-02 -7.59882362E-02
-6.75591158E-02 -5.76733406E-02  8.13276608E-02
-4.24955923E-02 -1.13188972E-01 -5.07035509E-02
-1.58600001E-02 -7.91298946E-03 -4.53555774E-02
 3.45115847E-02  2.53142034E-02  7.06643198E-02
-1.24176701E-02  1.55394770E-02 -1.37989981E-02
-3.00137821E-02  2.46119286E-03 -2.90691125E-03
-6.92908580E-02 -7.87313886E-03 -3.69653100E-02
-3.03940628E-02  3.04245493E-02  1.10444798E-02
 7.77222039E-02  5.26156685E-02 -6.49647035E-02
 1.96638084E-02 -2.61192761E-02 -1.19015531E-02
 4.61695824E-02  9.31065522E-02 -1.74370402E-02
 8.45598212E-02  6.61573740E-02 -2.79449795E-02
-5.17809510E-02 -8.16999333E-02 -4.26628481E-02
-6.30950691E-02 -2.69008495E-02  2.09832016E-02
 5.63757816E-02  5.24808085E-02  2.21605600E-02
 2.67311345E-02  2.10323307E-02 -3.03470021E-02
-2.26652931E-02  1.44778382E-02 -4.55548378E-02
-2.23365572E-02  5.69189718E-02  3.18036802E-02
-1.65500832E-02 -1.03615652E-02  1.15375802E-02
-4.83714049E-02  3.44774892E-02 -5.24800703E-02
 7.66904165E-02  7.88104014E-03  4.22995395E-02
 4.85797914E-03 -1.59801590E-02  1.86767878E-03
 7.35759442E-03  1.99598572E-02  7.77002180E-02
 6.65636268E-02  1.07974794E-01 -4.33734668E-02
-6.59765738E-02 -6.92200040E-02  2.28620199E-02
-7.34043171E-02 -3.80196500E-02 -2.13399053E-03
 8.47738849E-02  1.26904005E-03  1.68429879E-02
 1.02674344E-02 -6.51754146E-02  1.41239850E-02
-1.43445907E-02  8.20577011E-02  6.26084309E-02
-9.42789084E-02 -9.28802633E-02  1.02217439E-01
 2.74970831E-02  7.32076003E-04 -3.70146724E-02
-2.06211582E-02 -4.96198947E-02 -2.40539557E-02
 3.12344168E-02 -2.96562962E-04 -6.46289406E-03
 3.50270973E-02  4.88617442E-02  9.78226844E-02
 9.95655926E-03 -7.68992245E-02 -3.37531200E-02
-6.39425310E-02 -9.02427384E-02  1.98638638E-02
-5.88525678E-02 -3.48147106E-02 -1.85621638E-02
 6.41784978E-02  8.01762434E-02 -7.99830198E-02
 1.10126763E-02 -2.24113064E-02 -5.74892064E-02
 4.08306156E-02  7.72806071E-02 -1.03829326E-01
 2.93084658E-02 -1.38453634E-02 -1.10168590E-02
-6.75745053E-02 -2.97694726E-02 -9.30976362E-02
 1.90812317E-02  2.25527698E-03  5.96930545E-02
 4.53855820E-02 -2.44160170E-02 -1.28647097E-02
 4.18207065E-02  1.56400214E-02  1.42444726E-03
 5.47575129E-03  3.76780705E-02  1.06013089E-02
 4.18054329E-02  1.52478734E-02 -8.26819067E-03
 5.87441486E-02  4.35220318E-02  5.48361006E-02
-8.97329109E-03 -2.95886412E-02  4.88487265E-03
 8.87756639E-02  5.32975801E-02  8.20979632E-02
-2.02594170E-02  4.82572388E-02 -2.60480293E-02
 1.85614614E-02 -4.68369745E-02 -1.71003536E-02
-3.89149621E-02 -1.80554514E-02  5.31627150E-02
 3.77005663E-02 -6.26694059E-02  4.00796147E-02
-5.62774503E-02  1.63514117E-02  1.87176955E-02
-1.03218756E-01 -3.86600404E-02  1.20627466E-02
-2.56433901E-02 -3.91556086E-02 -4.17642102E-02
 3.46023391E-02  4.94381264E-02  1.79025754E-02
 6.01286223E-02  1.16789117E-01 -4.37899600E-02
 3.39341501E-02  2.83365083E-02 -9.20870521E-03
 4.39788248E-03  3.04639853E-02 -3.24536009E-02
 1.00817285E-02  1.16361487E-02 -1.12701669E-02
-4.59890102E-02  4.73996194E-02 -6.05285180E-03
-9.55000967E-03 -6.14470147E-03 -3.17310126E-03
-2.10142447E-02  1.00480055E-01 -6.51633493E-02
-3.77042394E-02 -2.01567964E-02  4.90095835E-04
-4.04469208E-03  2.66727195E-02 -5.61231352E-02
 2.24382777E-02 -3.61349641E-02 -1.79463512E-02
-3.36019775E-02 -3.49207347E-02 -2.67734560E-03
-5.62293620E-02 -8.58319957E-02 -6.83307869E-02
 2.66776963E-02 -5.39653366E-02  2.50048868E-02
 1.00073281E-02 -1.04577852E-01  2.97828365E-02
 1.89365603E-02  6.84140671E-02  2.21978315E-02
-5.62129138E-02 -8.43079729E-02 -7.74944729E-02
-3.44694868E-03 -3.93074769E-02  3.59330885E-02
 2.37521378E-02 -1.35137762E-02 -4.87316094E-04
-4.34979418E-02 -2.19837740E-02  1.47125518E-02
 5.27706413E-02  1.03382367E-02  8.97684264E-02
-2.91091926E-03  8.83795872E-02 -7.66386819E-02
 3.43416864E-02  3.17146150E-03  1.04558306E-01
 1.59127218E-02 -6.51774180E-02  2.69329836E-02
 1.08331462E-01  7.82923389E-02  8.88667723E-02
-4.35770339E-02  4.43627865E-02 -5.82971292E-02
-4.22956991E-03 -1.34939921E-02  7.99972226E-03
-1.37095338E-02 -1.09330055E-02  1.41781696E-02
 3.35436664E-03 -6.67464522E-02  2.79953423E-02
 3.52486838E-02  2.48886915E-02 -2.75037483E-02
-3.10146198E-03  7.83234711E-02 -3.96995381E-02
 4.67917807E-03 -3.82213968E-02 -4.40965265E-02
-2.02291980E-02  7.90950690E-03  2.29859578E-02
 7.68137488E-03  3.21604862E-02 -6.32652844E-02
-5.62813404E-02 -3.44477086E-02 -4.39944843E-02
 1.06050801E-02  4.54982586E-02 -2.92812821E-04
-3.24768753E-04 -1.40151329E-02  3.34542643E-02
-8.95444199E-02 -3.25491194E-02  5.52887522E-02
-6.90386849E-02 -7.19252427E-02  1.54463696E-01
 1.52079979E-02  2.23274424E-03  1.39808154E-02
 7.79912550E-03  1.07142682E-02 -4.31106326E-02
-9.34584984E-03 -4.57081926E-02  4.92549560E-02
 1.53101715E-02  7.05223052E-02  9.45917901E-03
 6.78290493E-03 -2.86855573E-02 -2.21633203E-02
 1.55866828E-02 -2.56095354E-03 -5.36244546E-03
-1.85257417E-02  3.70949784E-02  1.49800860E-02
 1.45029589E-02  4.40899522E-02  4.58337398E-02
 2.77356690E-02  3.46180059E-02 -8.57913874E-02
-6.99897716E-03  1.47969472E-01  6.50082116E-02
-6.08879240E-02 -6.65237179E-02 -1.47272161E-01
-5.83855438E-02  6.60296160E-02  6.79902677E-02
 7.93181558E-02 -4.12090061E-03  1.01237085E-04
 2.98787883E-02  5.53472792E-03  5.96351816E-02
-2.04892315E-02  6.09668357E-03 -9.03727581E-02
 9.67976112E-02 -1.05709640E-01 -1.06061713E-01
-9.39511896E-02 -6.25456544E-02  7.54018584E-02
 1.09455258E-02 -1.20209695E-02  2.14910594E-02
 8.42328891E-02  4.15107326E-03  5.98827563E-02
 5.73194411E-02  5.34629675E-03  1.29013146E-02
 5.09619189E-02 -2.69912150E-02 -4.94390023E-02
-1.96093540E-02  9.87563206E-02  6.51956763E-02
 1.49477999E-02  4.07752409E-02  4.83102001E-02
 1.08529186E-01  5.73605511E-04 -1.56832316E-02
-3.28150624E-02 -2.48371775E-02  6.44793126E-02
-2.14157517E-02 -8.20708313E-02 -3.15939166E-02
 1.12958626E-01 -1.22322805E-01  1.27271988E-01
-3.92496305E-02  2.18196845E-02  7.56081379E-03
 1.13148609E-01  3.71606506E-02 -7.45271603E-02
-1.07005978E-01  6.76980900E-03 -5.52642914E-02
-4.86933792E-02 -9.40794458E-03 -7.90019577E-02
-5.17569356E-02  5.00150581E-02 -1.53923915E-02
 8.90263971E-03  6.80305936E-02  6.31507736E-03
 3.13965877E-02 -8.56325505E-03  2.44504727E-03
 2.18136163E-02 -4.91239270E-02 -2.34120822E-02
 5.30615425E-02 -3.10982364E-02 -5.50387727E-02
 4.32998758E-02 -7.60983477E-03 -1.33816788E-02
 9.11635633E-02 -5.81920560E-02  7.81914006E-02
 9.63178557E-02 -4.10673856E-02  5.84308302E-02
 4.97796086E-02  2.83292974E-02 -1.55795407E-02
 7.09662053E-02  8.47939494E-05  5.82935887E-02
 1.39360840E-02  5.59561194E-02 -4.87610700E-02
-2.71844111E-02  2.00822148E-02  1.28175443E-02
 4.41298658E-02  3.64118938E-02  1.50397137E-02
-2.89150141E-02 -1.05985732E-02 -7.99066506E-03
 4.83760072E-03 -4.19355296E-02 -3.50197720E-02
-2.46491590E-02 -5.40434416E-02  6.73942792E-02
 4.73112122E-02 -1.35649935E-02 -3.07210349E-02
-1.20215008E-03  7.59155663E-03 -3.70776886E-02
 9.08781080E-04  6.72060755E-03  4.79412483E-04
-1.10043957E-01 -9.41048077E-02  6.70196855E-02
 1.57620457E-02  2.31558607E-02  9.92253185E-03
 3.39933955E-03  3.09970604E-02 -4.74739556E-02
-3.67107251E-02 -2.12899854E-02 -4.51232297E-02
-9.08939728E-03  2.44267163E-03  8.02368415E-02
-6.15691763E-02  5.61595492E-05 -4.99965303E-02
 2.76064295E-02  3.11420592E-03 -2.72027997E-02
 2.51618330E-02 -4.61295646E-02  3.11991736E-02
-4.30853959E-02  2.35520824E-02  8.83450371E-02
-5.10790974E-02 -5.43981325E-02 -1.26353082E-02
 3.65073062E-02  9.29509396E-02  1.71539077E-02
-2.19761780E-02  8.85041334E-02 -2.86336551E-02
 1.82966805E-02  4.61536710E-02  9.82357238E-03
 8.56256325E-02 -7.27111100E-02 -8.45372985E-02
-3.55840515E-02 -1.84691310E-02 -5.81605816E-02
 4.74130619E-02  5.92844003E-02  1.44837874E-02
 5.34178156E-03 -2.46447507E-02 -7.86580524E-02
 7.71142812E-03  2.98379607E-02 -1.79512277E-02
 9.60419847E-03 -5.95749896E-03  4.79824174E-03
 1.08119645E-01 -6.73376370E-02  5.52938924E-02
-2.05393170E-02  6.74415250E-02 -8.78159245E-03
-7.58452424E-03 -2.04935810E-02 -1.75752957E-03
 2.73483298E-03  6.52873545E-03  4.83743161E-02
-1.18069179E-02 -6.75438438E-02 -1.44672914E-03
-2.37047772E-02 -3.15674719E-02  3.89663793E-02
-1.30474709E-02 -1.47408766E-02  5.23946424E-02
-8.78725193E-02 -3.27067307E-02  3.14469439E-03
-9.24446216E-02 -9.90938030E-04 -2.31579295E-02
 1.18403560E-02 -1.48017451E-02 -1.77227028E-02
-5.21941674E-02  1.09849850E-01 -4.51193189E-02
-3.81410220E-02  1.56082385E-02 -5.71413724E-02
-4.15454959E-02  9.32732040E-02 -1.27241074E-01
-5.07393308E-02 -6.78387903E-02  8.61207682E-02
-1.14650113E-01 -1.96548963E-02  1.77292401E-02
-6.62874893E-03  5.79893376E-02  3.39545452E-02
-5.97532850E-02 -5.50370462E-02 -4.02427299E-02
 1.34055510E-02 -1.97640693E-02 -7.16063150E-03
-7.65298314E-02  3.96507762E-02  1.41447256E-03
-7.39363692E-02  3.62510018E-02  3.48905566E-02
-6.24775288E-02 -2.69167622E-02 -4.84843312E-02
 1.36881605E-02  3.63598881E-02 -1.89777391E-02
-4.58128111E-02 -2.03086911E-02 -5.61141644E-02
-1.82905824E-02 -2.49622685E-02  4.84046766E-02
 1.05756111E-01 -1.06648626E-02  3.32417392E-02
 4.52696061E-02 -2.65938763E-02 -4.09912187E-02
-1.59821601E-02  1.75046322E-02 -3.89712628E-02
 1.96742961E-02 -1.50111423E-02 -1.06522929E-02
-2.09354730E-02  3.04936029E-02  3.92023057E-02
 5.86463509E-02 -2.65562846E-03 -2.73797817E-02
 3.07693507E-02  5.11096046E-02  6.33762500E-02
 1.17891099E-02  1.78994433E-02 -2.47209670E-02
-6.10384465E-02  9.53560869E-02  3.52698903E-02
-4.18404160E-02 -7.29656649E-02 -2.33292108E-03
-6.28116647E-02 -3.45030405E-03 -2.20779806E-02
 2.26729816E-02 -4.12170532E-03 -4.85548643E-03
 2.92947732E-02 -1.95130129E-02  3.98678313E-02
-8.21882509E-03 -2.92021764E-02 -4.78734837E-03
 1.14936920E-02  3.13729290E-02 -2.51482968E-02
-7.70299307E-02  1.62529785E-02  5.96152785E-02
-1.52816480E-02 -2.82457555E-02 -3.15499510E-02
 1.50890163E-02 -5.87490562E-03 -2.17279682E-03
 4.88956114E-02  3.62404674E-02  3.82131661E-02
-5.45214804E-02  2.74575716E-02  3.29118563E-02
 3.93534832E-02 -4.77730509E-02 -4.05651133E-02
 2.35200199E-03 -1.90290093E-02  2.73544564E-02
 3.52898483E-02 -4.08194212E-02 -1.91122682E-02
-5.04505214E-03  2.80822276E-02  1.46745405E-02
-2.29389997E-02 -3.00252071E-02  9.00949423E-04
-4.40484292E-02  6.43222925E-02  7.67741700E-02
-3.16157426E-02 -4.66764411E-03 -1.01323468E-02
 1.10190230E-02  8.03443740E-02  6.58107691E-02
-5.80550067E-02  7.11894706E-03  2.98203515E-02
-4.10661507E-02 -1.49932831E-02 -4.58567288E-02
 5.87352956E-02 -9.83114929E-04 -3.81720818E-02
 2.49171035E-02  2.07651006E-02 -2.38049155E-02
-1.27410406E-02 -1.43069711E-02 -2.58963769E-02
 5.30722647E-02 -6.49135721E-02 -8.56122433E-02
 3.50283119E-02  2.96147382E-03  4.38314212E-03
 9.97469739E-03 -3.87165267E-02  5.32317865E-03
 4.45727528E-03  2.43392760E-02  3.94969523E-02
 6.56371393E-02  5.09148979E-03  5.82144631E-02
 3.02647666E-02 -7.93490853E-02 -1.45377230E-02
-1.82042253E-02 -1.37879215E-03 -1.19186092E-02
-2.36548414E-02  5.46969576E-02  2.68124462E-02
-1.26917085E-02 -5.95425047E-02 -1.75292073E-02
-1.40076404E-03  2.04190010E-02 -1.80642609E-02
-8.99436936E-02 -1.06305376E-01 -6.75153999E-02
-2.95241876E-02 -1.86868010E-02 -1.14096544E-01
-4.17238528E-02 -1.40586477E-02 -5.22586887E-02
 2.63962070E-02 -4.69240442E-02 -5.67545428E-03
-3.63409574E-02 -2.43939487E-02 -6.80901711E-02
 9.31975287E-03  3.12660799E-03 -1.37600712E-02
 4.78652164E-02  3.65531025E-02  3.51924613E-02
 2.63654097E-02  3.76304983E-02  4.13349256E-02
 9.15052062E-02  3.79327145E-02  8.82426017E-02
 2.08663125E-02  1.65925634E-02  8.87105790E-02
 4.71963296E-02  6.32999843E-02  7.35705399E-02
 9.60757134E-02 -1.93817089E-02 -6.40721567E-02
 1.31913527E-03  7.23109856E-02  4.02657110E-02
 5.33632095E-02 -7.64262684E-02  2.93958874E-02
 4.95109932E-02 -4.69400525E-02  7.90199647E-02
-2.07838630E-02  9.80751663E-03  3.32015930E-02
 9.60117175E-03 -1.43784633E-02  1.19261468E-02
-3.63443862E-03  4.46539164E-03 -1.20957296E-01
 7.02693893E-02  1.48577358E-02 -3.50625793E-02
 1.38125348E-01 -4.74507717E-02  7.47915375E-02
 8.46348555E-02  2.00539958E-02 -4.95029694E-02
-8.81382881E-03  4.96729835E-03 -7.84061426E-02
 1.18027597E-02  1.15050929E-02 -2.03018528E-02
-4.71968982E-02  2.94951759E-02  5.20758983E-02
 3.87690975E-02  4.58402787E-03 -7.65478551E-03
 5.23690487E-02  1.91012635E-02  9.81887810E-02
-4.99434033E-02 -5.34024502E-02  7.18550720E-03
-2.70784698E-02  4.90546128E-02 -6.31079270E-02
-1.72695670E-03  2.58344890E-02  4.80111394E-02
 5.32018624E-02 -3.97441836E-02  4.73658930E-02
-2.08793586E-02 -4.67383764E-02 -4.96763362E-02
-2.00896109E-02 -3.78053723E-02  3.50920211E-02
-2.89303939E-03 -1.07927109E-01  1.85056332E-02
-7.54599494E-02 -7.28309080E-02 -9.06802412E-02
-8.91817580E-02 -3.56490653E-02 -9.43901813E-02
-6.78683088E-02  5.88737606E-02 -6.16447466E-02
 2.08476640E-02  6.58189924E-02  5.55286173E-02
-2.75179776E-02 -2.22606932E-02  1.68808650E-02
-1.87845427E-02  6.71858959E-02  2.95751085E-02
-3.99065839E-02  5.72002895E-02 -4.79739075E-02
-2.56285094E-02  2.82660530E-02  1.36457907E-02
 4.78617922E-03 -1.32339726E-02  9.00441516E-02
 7.08017627E-02 -7.45599109E-03  2.40647565E-02
 2.08435020E-02  3.12378127E-02  1.01223600E-01
-1.05035427E-02  1.32408960E-02 -8.33080434E-02
 4.18866942E-02  2.39902955E-02 -3.61703637E-03
-6.29774714E-02 -2.72143476E-02 -6.30388396E-02
 1.22698222E-02 -5.02416344E-02  1.80740629E-02
-3.26429017E-02 -3.32210348E-02  9.52113451E-03
 6.83143931E-02  1.69903623E-02  4.31922948E-03
 5.29441030E-02  2.32077365E-02  3.13163809E-02
 4.13506083E-02  8.63984463E-02 -8.43208817E-02
-7.89952675E-03 -1.88197548E-02 -3.29357075E-02
-7.17572766E-02 -1.68993508E-02  2.28075760E-02
 4.24270140E-02 -1.74883310E-02  3.50924455E-02
 6.08514222E-03  3.00129894E-02  2.60089180E-02
-3.11148425E-02 -2.08335254E-02  3.74031446E-02
-2.93402665E-02  2.19407932E-02 -4.37873681E-02
 9.33267612E-03 -8.33196407E-04 -1.60072847E-02
-4.70898967E-02 -6.38148329E-02  9.06352710E-02
 8.74588903E-02  4.77877905E-02  4.17874737E-02
 8.86560565E-02 -2.94781572E-02 -1.30262034E-02
 1.50222022E-02 -7.60967492E-04 -4.08886269E-02
 7.64551716E-02  7.41982914E-02 -4.07839843E-02
 8.76086559E-02  5.49376900E-02 -5.64214313E-02
 8.35369840E-02 -1.57431752E-02  4.04056409E-02
 6.23130437E-03  5.17432847E-02 -4.12363033E-02
-8.72024214E-03 -3.04614047E-02  2.48193657E-02
 6.42118562E-02  4.95636982E-02 -4.15343995E-02
-2.53717822E-02  4.10868138E-02  8.54287548E-03
-5.09071230E-02  2.23184066E-02 -3.45064363E-02
-1.20599769E-01 -1.04480461E-01  9.56471643E-02
-9.46146721E-02 -4.88615525E-02  4.07116511E-02
-1.04934779E-01 -3.71815887E-02  4.03956568E-02
-5.71511546E-02 -6.86173619E-02  3.31447835E-02
-9.85780512E-02  1.49044187E-01 -1.10034920E-01
-6.11276230E-02 -1.57673286E-03 -4.15492336E-02
 5.20216951E-02  9.70292173E-02 -6.09636860E-02
 6.98855945E-03  3.49584116E-02 -5.92377725E-02
 5.55443658E-04  2.62842127E-02 -8.03354070E-02
-2.40999119E-02 -1.48018921E-02 -1.28064712E-03
-2.60800848E-02 -8.54901459E-02  1.80488527E-02
-2.53162119E-02  2.78926086E-02 -1.93293166E-02
-1.85896715E-02 -1.46612112E-02 -3.36308052E-02
-1.75609851E-02 -2.27444894E-02 -2.91568356E-02
-1.02459159E-01 -1.21836931E-01  1.06704673E-01
 6.64596061E-02 -4.96244830E-03  5.29833465E-02
 2.88451841E-02 -4.37370026E-03  3.39448603E-02
 1.42266670E-02 -5.56639992E-03  5.10746655E-02
 5.40239294E-02  3.87182399E-02  8.40561736E-02
 1.39617298E-02  2.47001359E-02 -3.23409928E-02
 1.45009244E-02 -3.09288052E-02 -1.44590253E-02
-1.44903873E-02  2.85100568E-03  3.70085754E-02
 4.91115355E-02  3.64636440E-02 -6.20243926E-02
-1.31361524E-01  1.23955393E-01  8.60453364E-02
 1.16317371E-01  1.05009568E-01 -9.86665148E-02
-3.31401357E-02  8.89473805E-03 -8.83750024E-02
-3.93418909E-02  5.03610205E-02 -5.54367513E-02
 1.91428718E-04  1.61738350E-04 -5.35572227E-03
 3.30845199E-02 -1.83995799E-03  2.79253973E-02
 4.84061110E-03  4.66513507E-03  4.59265405E-02
-5.60147514E-03 -1.09503603E-02  3.17699539E-02
-2.98221480E-02  4.32894504E-02 -1.56196259E-02
 3.15139307E-03 -3.70303357E-02 -2.97709136E-02
 5.30176687E-02  5.77457982E-03 -4.58199917E-03
-6.80463028E-02 -3.02600472E-02  2.80958922E-02
-5.62466736E-02 -7.43071672E-02  1.18865340E-01
-7.92458817E-02  1.04729115E-02 -3.25676079E-02
 1.13717220E-01 -1.05414619E-01 -8.04313507E-02
 6.23868055E-02 -6.18127344E-02  6.21369295E-02
-1.08198416E-03 -9.76615151E-03 -1.37171737E-03
-1.10314900E-02 -2.03534521E-02 -5.75451497E-02
 6.39688816E-03 -7.17232375E-03 -2.37732128E-02
-2.40212896E-02  5.93364966E-03 -1.60828601E-02
 5.97594738E-02 -5.09010268E-02  6.12122552E-02
 1.34639835E-01  1.67229899E-02 -2.41116321E-02
 6.20709761E-02  8.39006271E-02 -1.19241130E-01
-2.45361985E-03  5.83013208E-02 -3.99312628E-04
-3.72912657E-02  6.45529538E-03 -9.97950000E-03
 4.75861323E-03  6.82516734E-02  3.07715296E-02
 3.51233719E-02 -1.19439143E-02  5.49961793E-02
-1.11620254E-01  6.99441130E-02 -6.47371988E-02
-7.78503388E-03 -6.43304314E-02 -6.53511714E-03
-9.10929656E-02 -6.84477040E-02  5.55435494E-02
-3.62642899E-02  4.71518094E-02 -2.00293418E-02
 5.10760882E-02  7.25062096E-02 -2.84943764E-02
-3.77720496E-03 -8.95461740E-03 -2.64606245E-02
-6.19110731E-02 -4.55970029E-02 -7.89465437E-02
-6.89103828E-03 -7.15650840E-02  3.65527365E-03
 3.19003240E-02 -5.47574553E-02  7.32690105E-02
-2.36084882E-02  4.32458422E-02  2.04143959E-03
-7.68002876E-03  7.09959008E-02  8.24069030E-02
-1.48663998E-02 -5.19016144E-02 -1.17998621E-02
-7.21538410E-02  1.20719936E-02  1.66505249E-02
 2.60794652E-02  1.02890387E-02  7.06461085E-02
 1.12752996E-01  4.31558999E-02  1.93752965E-02
 2.33459437E-02  2.81734449E-02 -4.82633552E-02
 9.28451080E-03 -4.86856144E-02  4.90931321E-02
 7.03011049E-04 -2.50064542E-02 -6.57976654E-02
-2.57323200E-02 -9.87156602E-02  1.38200809E-02
-3.46287620E-02 -1.35020668E-02  8.90651474E-02
-6.21119526E-02 -1.46775412E-01 -6.54563846E-02
-3.85336756E-02  4.26601120E-02  6.69405506E-02
-3.74557691E-02 -1.52427312E-02  3.09327028E-02
-4.20558449E-03  6.83907288E-02  4.10911116E-02
 1.65104975E-02  6.63703526E-03  2.77800235E-02
-8.77898346E-03 -3.89197079E-02 -2.78908743E-02
-2.34061537E-02 -5.94125231E-02 -7.59800588E-02
 4.37450275E-02  2.84051018E-03  2.20687402E-02
 7.79434440E-02  6.44582326E-02  8.05822291E-02
-1.01023278E-02 -2.88541138E-02 -9.19469558E-02
 2.45648804E-02  5.65726329E-02  5.40713786E-02
-3.74986367E-02 -2.28007182E-02 -3.09660861E-02
-4.80338973E-02  4.55970975E-02 -1.50060939E-02
 1.06431202E-02  2.39288973E-02  1.98019429E-03
-1.84162701E-02  2.60449629E-02 -5.10999496E-02
-9.42030472E-02  7.03181485E-02 -1.60469700E-02
-5.68257029E-03  3.63340938E-02 -3.73298426E-02
 6.88224116E-02 -5.51501642E-02  2.99165970E-03
-7.27087522E-02  1.11947935E-02 -3.14763943E-03
 2.68072209E-02  4.05375302E-02  3.02282367E-02
 3.99023336E-03 -8.23964506E-02 -2.84057514E-02
-6.05355060E-02 -4.31776404E-02 -4.05807038E-02
 9.12219075E-02 -5.03087748E-02  4.42843497E-02
 3.32056442E-02 -1.33996530E-01  7.31698360E-02
-9.08827251E-02  5.36981175E-02 -2.83604794E-02
 6.23337002E-03  4.32283260E-03 -5.92797506E-02
 6.25030283E-02  5.54539104E-02  9.01750589E-02
-1.09118476E-02 -7.00455640E-02  2.91801540E-02
 6.89253375E-03  5.08018985E-02  1.47351869E-02
-1.80842219E-02  4.57616999E-02  7.54260643E-02
-1.03527678E-02 -3.17246733E-02 -1.49293728E-02
-6.43005602E-03  4.34016551E-02 -2.15290536E-02
-1.66516128E-02 -8.29858307E-03  5.92447617E-03
 8.24368738E-02 -8.33815056E-02  1.14876046E-01
-5.35542590E-02  1.42389808E-02 -8.39903878E-02
 3.00831301E-02 -2.05438991E-02 -5.46924050E-02
 6.66253287E-04  9.06861282E-03  2.23097418E-03
 5.22316073E-02  3.29136096E-02 -6.91506921E-02
-2.14733627E-02  2.31962029E-02 -3.42858769E-02
 5.47850843E-02 -8.51103856E-03  5.57575672E-02
-4.81761950E-02 -6.84730165E-02  1.05860357E-02
-8.37848465E-02  4.94895529E-02 -3.12372417E-02
-3.51490904E-02 -2.29582105E-02  9.22721267E-02
-2.03108552E-02 -5.96967046E-02  7.02077916E-02
 3.93497226E-03  1.94176083E-02  3.69881122E-02
-2.21742525E-02  3.22403091E-02  2.88786612E-03
 1.19386465E-02  6.69188237E-02  1.66015012E-02
-1.02253976E-02 -4.12951644E-02 -1.42438301E-02
 3.36880130E-03 -2.60125791E-02  9.98244698E-03
 5.60044788E-02 -2.92343879E-02  8.46899245E-02
 2.55696696E-02  1.89099962E-02 -9.70385681E-02
 2.05707351E-02  4.45468728E-03  8.39134870E-03
 9.67115945E-02  3.44441351E-02 -2.56002962E-02
 3.00791353E-02  3.46194263E-03 -7.60156606E-02
-7.92675090E-02  8.80265228E-03 -2.00759436E-02
-1.21779609E-02 -5.64555715E-02 -8.44491916E-02
 1.72536442E-02 -2.55641736E-03 -7.96755039E-02
-7.60096585E-02  3.32890683E-02 -9.63714074E-03
-5.56765192E-03  1.48677572E-02 -1.20260448E-02
-1.14486530E-02 -3.12269488E-03  3.51277630E-02
-2.09520612E-02  3.09116935E-02  1.81597191E-02
 7.76419512E-02 -3.37512205E-02 -2.32691273E-02
 8.84815785E-02  6.52293797E-02  4.89866373E-02
 5.04166359E-02  3.22860945E-02  2.40360626E-02
-1.83297796E-02  1.08993510E-01 -3.85031132E-03
-3.15786356E-02  1.98535247E-02 -3.24218211E-02
-3.27745992E-02  2.08262647E-02  1.90783364E-02
-1.00959720E-01 -5.33410093E-02 -5.69402514E-02
-1.62654980E-02 -7.19921653E-02 -6.83869993E-02
 1.22045584E-03  1.23149663E-02  7.92186347E-03
-6.36019029E-03 -5.70803017E-03 -3.21990626E-02
-8.69716372E-03  4.88279249E-02 -3.50607147E-02
-3.23414743E-02 -4.85199139E-02 -6.98133380E-02
 5.80495079E-02 -3.96730857E-04 -3.05321039E-02
-1.49792105E-02  1.07711520E-02  5.87330615E-02
 1.55970348E-02  4.28074790E-02  9.32810566E-02
 3.68011590E-02  6.11957296E-03  9.16298569E-02
-6.14151331E-02 -9.29461164E-02  9.43760905E-02
 4.37084117E-03  1.24118434E-02  2.11981610E-02
 2.30351919E-02 -4.71125302E-02 -6.80504967E-02
 2.37326804E-02 -6.19411450E-02  2.34322821E-02
 3.87521658E-03  2.68323509E-02  2.48197095E-02
-8.68804572E-02  5.73497083E-02  2.92410613E-02
-5.23975501E-02 -1.14752579E-02  6.00942173E-02
-2.18257317E-02  7.15025218E-02 -5.75238783E-02
-4.62298336E-02 -4.89172025E-02 -1.42004665E-01
-5.13873768E-02 -1.44635898E-02 -2.81288998E-02
 8.55833246E-02  1.18347794E-01 -6.79243827E-02
 6.85104214E-02  3.17829708E-04  1.76572379E-02
 4.91811340E-02 -8.69284040E-02 -1.37331126E-01
 6.28491615E-02 -3.66839860E-02  1.65157186E-02
-6.70340019E-02 -4.81851164E-03 -1.17616431E-02
-8.16461646E-03 -2.41177427E-02  2.34715999E-02
 1.17137649E-01  6.10263432E-02  6.14345893E-02
 7.06478175E-02  4.14904736E-02  5.73697627E-02
 2.16438378E-02 -7.09455092E-03 -5.59147165E-03
-6.36963137E-03 -7.20611256E-02 -2.61281587E-02
-8.28846240E-02  8.00214869E-02  6.10001229E-02
-6.22783419E-02  3.38682566E-02  2.92338612E-02
 3.71655116E-02 -1.08994704E-02 -1.51006148E-03
-1.70218212E-03  1.60611822E-02 -7.67787832E-03
-1.00985734E-02  6.05743963E-02  6.30420728E-02
-3.77905429E-02  3.40454058E-02 -2.75585380E-02
-9.53731410E-02  1.20767795E-01  6.48747596E-02
 5.88850822E-02 -9.25392354E-03  7.80976171E-02
-7.66719419E-02  1.43445199E-02  5.16443474E-03
-1.95419016E-02  1.12606174E-03 -3.14004211E-02
-6.29868887E-02 -9.89438642E-02  8.10001563E-02
 4.62393058E-03 -3.79148171E-03 -6.74295247E-02
 9.49554915E-02 -1.12134747E-01 -1.17912021E-01
 8.34200116E-02 -9.38201229E-02 -2.92807026E-02
-5.49156158E-02 -1.64166748E-02  9.55656211E-03
 6.10423748E-02  2.58749930E-02 -5.32077171E-02
 4.98465328E-02  5.66613551E-02 -9.32936470E-04
 3.35976237E-02  4.65128779E-02 -8.35633019E-02
 2.33451864E-02 -8.73077567E-02 -7.75386983E-06
 1.02772566E-02 -8.31540075E-03  8.02657221E-03
 7.12847227E-02  8.66437666E-02 -8.24718548E-02
-7.30054809E-02  2.14465840E-02  3.88418277E-02
 1.00924885E-02  5.75714746E-02  8.81598586E-04
-2.11355062E-02 -5.49952556E-02  6.01535665E-02
 1.00636483E-02 -4.52612957E-02  4.36377184E-02
-2.21400182E-02 -1.76289314E-02  7.39530819E-03
 6.31953770E-02  4.04510743E-02  4.10577197E-02
 1.32970972E-03 -2.46467405E-02  4.16544483E-02
 1.06936627E-02 -6.52506753E-02 -4.55035648E-02
-1.25785955E-02  1.66225397E-02  9.43092141E-02
 3.10399143E-02 -3.52026752E-02 -6.07656458E-03
 4.60819870E-02 -1.04342219E-02 -2.73716085E-02
 1.28956435E-02  1.64190177E-02 -1.15542547E-02
 3.55382405E-02  3.63474056E-02 -2.58688610E-02
 3.56587564E-02  1.21047087E-02 -9.85971846E-02
 2.26976613E-02  1.83444491E-02  6.11151591E-02
 1.05318874E-02 -6.42900367E-02  5.54510055E-02
 2.60816607E-02 -3.99471809E-02  2.22523836E-02
-7.65103284E-02 -6.68274844E-02 -3.07405779E-03
-4.21550327E-02 -4.81585465E-02  2.84022245E-02
-2.30935349E-02 -5.94549205E-03 -1.63966888E-03
 6.60545022E-02 -4.98630494E-02 -2.52928760E-02
 2.22691499E-02  3.82455615E-02  5.17657797E-02
-5.63117651E-02  8.78418589E-03 -1.70746791E-02
 2.07857424E-03  3.52635778E-02 -4.75351841E-02
-7.27262649E-02  3.86959059E-03  4.07141648E-02
-1.22998708E-02  1.40245190E-01 -2.58875118E-02
 3.61063721E-02  5.21628610E-02 -4.28669345E-02
 2.28699158E-02 -5.40441705E-02  1.85514295E-02
 1.65878056E-02  5.80342879E-02  6.03837941E-03
 3.37415277E-02  4.73344159E-02 -1.85907675E-02
-4.62422123E-02 -2.99210674E-02  6.70111829E-02
 1.67523019E-02 -1.21881491E-03  1.88342101E-02
 7.76042604E-02 -2.93794839E-02  1.95529797E-02
-3.56772656E-02 -3.47182882E-02  2.84208041E-02
 1.42831478E-02  3.00138536E-02  1.58608379E-02
-2.70462743E-02 -7.05060130E-03 -1.12677240E-02
 3.80582101E-02 -3.82961414E-02 -3.26961411E-02
-1.77947703E-02 -5.35654507E-02 -5.52206623E-02
 7.39575935E-03 -2.51127603E-03  2.78418814E-02
-7.56532337E-02 -5.08112560E-02  7.34560229E-02
-5.40867510E-02 -6.92354149E-02  7.82073198E-02
 6.65802119E-03  4.06667490E-02  4.57255793E-02
 7.21739063E-02  1.79919331E-02 -4.87130727E-03
-4.23154482E-02 -2.65587089E-02  8.85445378E-03
-8.96035610E-02  1.76343520E-03  1.09160135E-02
 1.45469128E-02  3.51952087E-02  2.50444896E-02
 1.95118923E-03  2.22608792E-02  5.49139788E-03
-1.05331055E-02 -5.85179994E-02 -7.53840396E-03
 2.84345799E-02 -1.53154778E-02 -7.64282870E-02
 2.15622775E-02  2.55076029E-02 -1.41190586E-01
 2.01284654E-02 -2.80830226E-02 -9.64631424E-02
 4.17543518E-02  4.91766324E-04 -7.58642871E-02
 1.72425607E-02  3.49824195E-02  4.15108038E-02
 3.71482427E-02 -3.87697665E-02 -5.12300365E-02
-2.54088694E-02 -4.47173339E-02  7.09080097E-02
 4.72931624E-02  2.37544462E-02  6.03246938E-02
 3.37796005E-02  4.41382895E-02 -7.96964879E-04
 4.34521183E-02  4.72879654E-02  6.65562537E-02
-1.69900788E-02 -4.82619333E-02  3.40367772E-02
-4.74334885E-02  8.36095707E-03  1.35068041E-02
-6.48816831E-02 -3.92581611E-02 -1.12551003E-02
-8.73415259E-02  1.31438840E-02  1.06426519E-02
 1.91261575E-02  2.75696045E-03 -9.37639995E-02
-1.22984251E-01  8.63539650E-02  6.84032982E-02
 8.89042083E-03 -7.39492625E-03 -1.05872298E-02
-2.44243788E-04 -5.84986123E-02  5.80786759E-02
 1.85344081E-02 -7.71685610E-02  3.47107210E-02
-1.27648693E-02 -1.62261017E-02  4.84292680E-02
 2.96837440E-02  9.90013644E-02  1.80062472E-02
 9.96147684E-02 -4.20190533E-02 -3.19586748E-02
-4.41237198E-02  7.67373594E-02 -6.89022851E-02
 1.90078741E-02  3.45168766E-02 -3.46676138E-02
-5.30357260E-02  7.03032323E-02 -4.46353407E-03
 3.29877498E-02 -2.53767645E-02 -8.01023366E-02
 2.52659809E-02 -4.54110614E-02  4.06946961E-02
-3.26021628E-02 -1.07396737E-02 -5.08845125E-02
-1.27761850E-02  3.30404310E-03 -4.62168800E-02
 3.03012174E-02  2.67436839E-02 -3.98805686E-03
-3.32541210E-02 -2.11667251E-02  4.22362266E-04
 4.34559489E-02 -3.25902768E-02 -8.23707617E-02
 1.24713921E-02  2.99806994E-02 -8.28177550E-05
-1.90682618E-03  5.64885208E-03  1.01555556E-01
 1.80367303E-02  2.23918237E-02 -7.16644923E-03
-9.84921313E-03  6.71933666E-02 -2.79623122E-02
 3.16759075E-02  3.59827244E-02  6.78915206E-02
-4.27296012E-02 -1.17137734E-02 -1.84485282E-02
 2.03452692E-02 -2.45981828E-02 -4.54844256E-02
 3.02274359E-02  3.40573676E-02 -2.42901773E-02
 1.30128877E-02  2.77862819E-02 -4.38857247E-03
-3.49232442E-02  1.12327363E-02 -4.46768019E-02
-1.04694476E-02  1.69858055E-03 -7.92610484E-03
-1.03606601E-02 -6.38575784E-02 -2.16694451E-02
-2.68028282E-02 -6.04314231E-02 -3.65883267E-02
-2.18099315E-02 -6.01222177E-03  3.66806147E-02
 1.54102869E-02 -1.73567712E-02 -3.56175749E-02
 8.04322892E-02 -6.51405012E-02  5.39408833E-02
 1.06206936E-02 -3.39615831E-02  7.84625130E-02
-1.57774445E-02  5.69341268E-02  3.78019839E-02
-1.87752136E-02 -5.51549415E-03  1.42760684E-02
 6.64437258E-03  6.14839946E-02 -3.73912637E-03
 7.42137326E-03  5.24639842E-02  5.56772865E-02
-2.73329493E-02  3.92328435E-02 -5.68839012E-02
-9.93036312E-03 -1.02938252E-01  3.84013379E-02
-3.77482209E-02  3.57030654E-02 -1.95450960E-02
 2.04947004E-02 -1.68751810E-02  7.65437207E-03
-1.25369185E-02  4.46536441E-03  3.88243100E-02
-8.48084646E-03  3.57114206E-02  6.60949031E-02
-1.76476529E-02 -6.40828482E-03 -1.87171459E-02
-3.03941394E-02 -6.57812615E-02 -7.17342340E-02
 2.65865634E-03  1.41458130E-02  8.41980726E-02
 3.05387221E-02 -2.07636231E-02  2.32640333E-02
 1.12079901E-04  4.42721721E-02  2.13905123E-02
 9.82547001E-03  5.97551212E-02 -1.04157123E-01
-4.62036242E-02 -5.36139454E-02 -4.59480659E-02
-5.23411988E-02 -8.10065353E-02  8.28355991E-02
-3.14283993E-02 -3.29060525E-02  1.40763152E-03
 8.67958620E-02  4.63088285E-02  7.09066799E-02
-4.06605637E-02 -9.96402532E-03  1.73859614E-02
 3.27192810E-03  4.58217337E-02 -2.71092881E-02
-4.37284483E-02  3.82081927E-02 -1.06721483E-01
 4.81712146E-02 -5.81606201E-03  2.27407521E-02
 4.10245378E-02 -1.13164304E-02  2.67614429E-02
-6.30586346E-02  4.98680064E-02 -2.42159010E-02
 6.12213859E-02 -5.87237993E-02 -2.91196006E-03
 3.47018272E-02  1.26292966E-01  9.66709287E-03
 3.57879982E-02  1.92850115E-02 -8.62011862E-02
 9.09392219E-03 -1.44466765E-02  3.57983984E-02
 1.19238896E-01 -3.39945304E-02  5.43228847E-02
-7.29274206E-02  3.00311412E-02  3.62307844E-02
-3.93743326E-02  6.38215168E-03 -8.69666860E-03
 5.89947912E-03 -5.07797574E-06  5.51019658E-02
 1.18713268E-02  6.12074872E-03 -7.48741382E-02
 1.44020692E-02 -3.71741421E-02 -4.61032938E-02
-7.39233969E-02 -1.73038589E-02  8.19096740E-02
-6.36142381E-02 -1.33880189E-02 -1.69316696E-02
 5.18378460E-02 -7.13800001E-02 -5.93534127E-02
 4.77305711E-02 -4.42111321E-02 -4.01361453E-02
-3.66320507E-02  5.80053117E-02  9.44169391E-03
